    UTC     Elapsed    Sig     PLL    Freq     Dev    Rcvr
    Time      Time     Str    Volts  Center   Level   Freq
hh:mm:ss.ss   (sec)   (dbm)   (vdc)   (vdc)   (vdc)   (MHz)
-----------------------------------------------------------
11:38:23.27    0.00  -84.04    0.00    0.00    0.00  404.20
11:38:26.88    0.00  -74.13    0.00    0.00    0.00  404.20
11:38:32.88    0.00  -89.83    0.00    0.00    0.00  404.20
11:38:38.87    0.00  -88.18    0.00    0.00    0.00  404.20
11:38:44.89    0.00  -87.35    0.00    0.00    0.00  404.20
11:38:50.88    0.00  -88.59    0.00    0.00    0.00  404.20
11:38:56.87    0.00  -88.59    0.00    0.00    0.00  404.20
11:39:02.87    0.00  -89.00    0.00    0.00    0.00  404.20
11:39:08.88    0.00  -89.00    0.00    0.00    0.00  404.20
11:39:14.87    0.00  -88.18    0.00    0.00    0.00  404.20
11:39:20.88    0.00  -89.42    0.00    0.00    0.00  404.20
11:39:26.87    0.00  -88.59    0.00    0.00    0.00  404.20
11:39:32.87    0.00  -89.00    0.00    0.00    0.00  404.20
11:39:38.86    0.00  -88.59    0.00    0.00    0.00  404.20
11:39:44.88    0.00  -89.42    0.00    0.00    0.00  404.20
11:39:50.87    0.00  -88.18    0.00    0.00    0.00  404.20
11:39:56.87    0.00  -89.00    0.00    0.00    0.00  404.20
11:40:02.87    0.00  -87.76    0.00    0.00    0.00  404.20
11:40:08.86    0.00  -88.59    0.00    0.00    0.00  404.20
11:40:14.86    0.00  -87.35    0.00    0.00    0.00  404.20
11:40:20.87    0.00  -88.18    0.00    0.00    0.00  404.20
11:40:26.87    0.00  -87.35    0.00    0.00    0.00  404.20
11:40:32.85    0.00  -88.18    0.00    0.00    0.00  404.20
11:40:38.87    0.00  -88.59    0.00    0.00    0.00  404.20
11:40:44.86    0.00  -86.52    0.00    0.00    0.00  404.20
11:40:50.87    0.00  -87.76    0.00    0.00    0.00  404.20
11:40:56.87    0.00  -85.70    0.00    0.00    0.00  404.20
11:41:02.87    0.00  -86.94    0.00    0.00    0.00  404.20
11:41:08.87    0.00  -85.70    0.00    0.00    0.00  404.20
11:41:14.87    0.00  -88.18    0.00    0.00    0.00  404.20
11:41:20.88    0.00  -87.76    0.00    0.00    0.00  404.20
11:41:26.88    0.00  -91.90    0.00    0.00    0.00  404.20
11:41:32.88    0.00  -89.42    0.00    0.00    0.00  404.20
11:41:38.87    0.00  -89.42    0.00    0.00    0.00  404.20
11:41:44.88    0.00  -91.07    0.00    0.00    0.00  404.20
11:41:50.89    0.00  -93.96    0.00    0.00    0.00  404.20
11:41:56.87    0.00  -88.59    0.00    0.00    0.00  404.20
11:42:02.89    0.00  -94.79    0.00    0.00    0.00  404.20
11:42:08.88    0.00  -75.37    0.00    0.00    0.00  404.20
11:42:14.88    0.00  -88.59    0.00    0.00    0.00  404.20
11:42:20.88    0.00  -89.42    0.00    0.00    0.00  404.20
11:42:26.87    0.00  -89.00    0.00    0.00    0.00  404.20
11:42:32.87    0.00  -87.76    0.00    0.00    0.00  404.20
11:42:38.87    0.00  -88.59    0.00    0.00    0.00  404.20
11:42:44.87    0.00  -96.85    0.00    0.00    0.00  404.20
11:42:50.88    0.00  -89.42    0.00    0.00    0.00  404.20
11:42:56.87    0.00  -89.00    0.00    0.00    0.00  404.20
11:43:02.89    0.00  -85.70    0.00    0.00    0.00  404.20
11:43:08.87    0.00  -85.70    0.00    0.00    0.00  404.20
11:43:14.88    0.00  -86.11    0.00    0.00    0.00  404.20
11:43:20.87    0.00  -85.70    0.00    0.00    0.00  404.20
11:43:26.89    0.00  -86.52    0.00    0.00    0.00  404.20
11:43:32.88    0.00  -86.52    0.00    0.00    0.00  404.20
11:43:38.89    0.00  -87.35    0.00    0.00    0.00  404.20
11:43:44.87    0.00  -87.35    0.00    0.00    0.00  404.20
11:43:50.88    0.00  -87.76    0.00    0.00    0.00  404.20
11:43:56.86    0.00  -88.18    0.00    0.00    0.00  404.20
11:44:02.88    0.00  -88.59    0.00    0.00    0.00  404.20
11:44:08.87    0.00  -86.94    0.00    0.00    0.00  404.20
11:44:14.87    0.00  -86.52    0.00    0.00    0.00  404.20
11:44:20.88    0.00  -88.18    0.00    0.00    0.00  404.20
11:44:26.89    0.00  -87.35    0.00    0.00    0.00  404.20
11:44:32.87    0.00  -87.35    0.00    0.00    0.00  404.20
11:44:38.87    0.00  -79.09    0.00    0.00    0.00  404.20
11:44:44.88    0.00  -75.78    0.00    0.00    0.00  404.20
11:44:50.88    0.00  -80.33    0.00    0.00    0.00  404.20
11:44:56.88    0.00  -77.85    0.00    0.00    0.00  404.20
11:45:02.87    0.00  -76.19    0.00    0.00    0.00  404.20
11:45:08.87    0.00  -74.95    0.00    0.00    0.00  404.20
11:45:14.87    0.00  -77.85    0.00    0.00    0.00  404.20
11:45:20.87    0.00  -80.74    0.00    0.00    0.00  404.20
11:45:26.87    0.00 -106.36    0.00    0.00    0.00  404.20
11:45:32.87    0.00 -105.95    0.00    0.00    0.00  404.20
11:45:38.87    0.00 -106.36    0.00    0.00    0.00  404.20
11:45:44.87    0.00 -106.36    0.00    0.00    0.00  404.20
11:45:50.85    0.00 -105.95    0.00    0.00    0.00  404.20
11:45:56.88    0.00 -105.95    0.00    0.00    0.00  404.20
11:46:02.87    0.00 -106.77    0.00    0.00    0.00  404.20
11:46:08.87    0.00 -105.95    0.00    0.00    0.00  404.20
11:46:14.86    0.00 -106.77    0.00    0.00    0.00  404.20
11:46:20.87    0.00 -106.36    0.00    0.00    0.00  404.20
11:46:26.86    0.00 -105.95    0.00    0.00    0.00  404.20
11:46:32.88    0.00 -105.95    0.00    0.00    0.00  404.20
11:46:38.86    0.00 -106.36    0.00    0.00    0.00  404.20
11:46:44.87    0.00 -105.95    0.00    0.00    0.00  404.20
11:46:50.87    0.00 -105.95    0.00    0.00    0.00  404.20
11:46:56.87    0.00 -106.36    0.00    0.00    0.00  404.20
11:47:02.88    0.00 -105.95    0.00    0.00    0.00  404.20
11:47:08.87    0.00 -106.36    0.00    0.00    0.00  404.20
11:47:14.88    0.00 -106.77    0.00    0.00    0.00  404.20
11:47:20.92    0.00 -106.77    0.00    0.00    0.00  404.20
11:47:26.87    0.00 -106.77    0.00    0.00    0.00  404.20
11:47:32.89    0.00 -106.77    0.00    0.00    0.00  404.20
11:47:38.88    0.00 -106.36    0.00    0.00    0.00  404.20
11:47:44.88    0.00 -106.36    0.00    0.00    0.00  404.20
11:47:50.88    0.00 -106.36    0.00    0.00    0.00  404.20
11:47:56.88    0.00 -106.36    0.00    0.00    0.00  404.20
11:48:02.87    0.00 -106.36    0.00    0.00    0.00  404.20
11:48:08.88    0.00 -106.77    0.00    0.00    0.00  404.20
11:48:14.87    0.00 -106.36    0.00    0.00    0.00  404.20
11:48:20.88    0.00 -106.36    0.00    0.00    0.00  404.20
11:48:26.87    0.00 -106.77    0.00    0.00    0.00  404.20
11:48:32.87    0.00 -106.36    0.00    0.00    0.00  404.20
11:48:38.87    0.00 -106.36    0.00    0.00    0.00  404.20
11:48:44.89    0.00 -106.77    0.00    0.00    0.00  404.20
11:48:50.87    0.00 -106.77    0.00    0.00    0.00  404.20
11:48:56.89    0.00 -106.77    0.00    0.00    0.00  404.20
11:49:02.87    0.00 -106.36    0.00    0.00    0.00  404.20
11:49:08.86    5.69  -66.69    0.00    0.00    0.00  404.20
11:49:14.87   11.70  -71.24    0.00    0.00    0.00  404.20
11:49:20.86   17.70  -74.95    0.00    0.00    0.00  404.20
11:49:26.87   23.71  -76.61    0.00    0.00    0.00  404.20
11:49:32.87   29.70  -78.67    0.00    0.00    0.00  404.20
11:49:38.87   35.70  -79.91    0.00    0.00    0.00  404.20
11:49:44.88   41.71  -81.57    0.00    0.00    0.00  404.20
11:49:50.88   47.71  -81.57    0.00    0.00    0.00  404.20
11:49:56.86   53.69  -83.63    0.00    0.00    0.00  404.20
11:50:02.88   59.71  -84.46    0.00    0.00    0.00  404.20
11:50:08.88   65.71  -85.28    0.00    0.00    0.00  404.20
11:50:14.88   71.71  -86.94    0.00    0.00    0.00  404.20
11:50:20.87   77.70  -85.28    0.00    0.00    0.00  404.20
11:50:26.88   83.71  -86.94    0.00    0.00    0.00  404.20
11:50:32.87   89.70  -85.70    0.00    0.00    0.00  404.20
11:50:38.88   95.71  -88.59    0.00    0.00    0.00  404.20
11:50:44.86  101.69  -87.76    0.00    0.00    0.00  404.20
11:50:50.88  107.71  -89.00    0.00    0.00    0.00  404.20
11:50:56.86  113.69  -88.18    0.00    0.00    0.00  404.20
11:51:02.87  119.70  -89.00    0.00    0.00    0.00  404.20
11:51:08.88  125.71  -91.48    0.00    0.00    0.00  404.20
11:51:14.87  131.70  -91.07    0.00    0.00    0.00  404.20
11:51:20.87  137.70  -91.48    0.00    0.00    0.00  404.20
11:51:26.88  143.71  -91.48    0.00    0.00    0.00  404.20
11:51:32.87  149.71  -93.14    0.00    0.00    0.00  404.20
11:51:38.87  155.71  -95.20    0.00    0.00    0.00  404.20
11:51:44.87  161.71  -95.20    0.00    0.00    0.00  404.20
11:51:50.87  167.71  -93.96    0.00    0.00    0.00  404.20
11:51:56.87  173.70  -94.79    0.00    0.00    0.00  404.20
11:52:02.87  179.71  -95.20    0.00    0.00    0.00  404.20
11:52:08.86  185.70  -96.03    0.00    0.00    0.00  404.20
11:52:14.87  191.70  -97.27    0.00    0.00    0.00  404.20
11:52:20.87  197.71  -97.27    0.00    0.00    0.00  404.20
11:52:26.86  203.70  -95.62    0.00    0.00    0.00  404.20
11:52:32.85  209.69  -98.51    0.00    0.00    0.00  404.20
11:52:38.88  215.71  -96.03    0.00    0.00    0.00  404.20
11:52:44.87  221.71  -94.38    0.00    0.00    0.00  404.20
11:52:50.87  227.71  -93.96    0.00    0.00    0.00  404.20
11:52:56.87  233.70  -98.92    0.00    0.00    0.00  404.20
11:53:02.88  239.71  -99.33    0.00    0.00    0.00  404.20
11:53:08.87  245.71  -94.79    0.00    0.00    0.00  404.20
11:53:14.86  251.69  -98.92    0.00    0.00    0.00  404.20
11:53:20.86  257.70  -98.51    0.00    0.00    0.00  404.20
11:53:26.86  263.70  -99.75    0.00    0.00    0.00  404.20
11:53:32.87  269.71  -97.27    0.00    0.00    0.00  404.20
11:53:38.85  275.69  -95.20    0.00    0.00    0.00  404.20
11:53:44.87  281.71  -96.44    0.00    0.00    0.00  404.20
11:53:50.87  287.70 -100.57    0.00    0.00    0.00  404.20
11:53:56.87  293.70  -98.09    0.00    0.00    0.00  404.20
11:54:02.87  299.70  -98.09    0.00    0.00    0.00  404.20
11:54:08.87  305.71  -98.92    0.00    0.00    0.00  404.20
11:54:14.87  311.70  -96.85    0.00    0.00    0.00  404.20
11:54:20.87  317.71 -100.99    0.00    0.00    0.00  404.20
11:54:26.87  323.71 -100.99    0.00    0.00    0.00  404.20
11:54:32.87  329.70  -98.09    0.00    0.00    0.00  404.20
11:54:38.87  335.71 -100.16    0.00    0.00    0.00  404.20
11:54:44.88  341.71  -98.92    0.00    0.00    0.00  404.20
11:54:50.86  347.69 -100.99    0.00    0.00    0.00  404.20
11:54:56.87  353.70 -102.64    0.00    0.00    0.00  404.20
11:55:02.86  359.70 -100.57    0.00    0.00    0.00  404.20
11:55:08.87  365.70 -100.57    0.00    0.00    0.00  404.20
11:55:14.86  371.69 -102.23    0.00    0.00    0.00  404.20
11:55:20.87  377.70 -100.16    0.00    0.00    0.00  404.20
11:55:26.88  383.71  -98.51    0.00    0.00    0.00  404.20
11:55:32.87  389.71 -101.40    0.00    0.00    0.00  404.20
11:55:38.87  395.70 -101.40    0.00    0.00    0.00  404.20
11:55:44.87  401.71 -100.57    0.00    0.00    0.00  404.20
11:55:50.88  407.71  -98.51    0.00    0.00    0.00  404.20
11:55:56.88  413.72  -98.92    0.00    0.00    0.00  404.20
11:56:02.87  419.70 -102.64    0.00    0.00    0.00  404.20
11:56:08.89  425.72 -100.99    0.00    0.00    0.00  404.20
11:56:14.85  431.69 -100.57    0.00    0.00    0.00  404.20
11:56:20.89  437.72 -101.81    0.00    0.00    0.00  404.20
11:56:26.88  443.71  -98.51    0.00    0.00    0.00  404.20
11:56:32.87  449.71  -97.68    0.00    0.00    0.00  404.20
11:56:38.87  455.71  -96.03    0.00    0.00    0.00  404.20
11:56:44.88  461.71  -94.38    0.00    0.00    0.00  404.20
11:56:50.86  467.70  -93.14    0.00    0.00    0.00  404.20
11:56:56.87  473.70  -95.62    0.00    0.00    0.00  404.20
11:57:02.88  479.71  -95.20    0.00    0.00    0.00  404.20
11:57:08.87  485.71  -96.03    0.00    0.00    0.00  404.20
11:57:14.87  491.71  -93.55    0.00    0.00    0.00  404.20
11:57:20.88  497.72  -93.96    0.00    0.00    0.00  404.20
11:57:26.87  503.71  -96.44    0.00    0.00    0.00  404.20
11:57:32.88  509.72  -93.96    0.00    0.00    0.00  404.20
11:57:38.87  515.70  -97.27    0.00    0.00    0.00  404.20
11:57:44.88  521.72  -96.03    0.00    0.00    0.00  404.20
11:57:50.88  527.71  -96.03    0.00    0.00    0.00  404.20
11:57:56.89  533.72  -99.75    0.00    0.00    0.00  404.20
11:58:02.87  539.70  -95.62    0.00    0.00    0.00  404.20
11:58:08.87  545.70  -95.20    0.00    0.00    0.00  404.20
11:58:14.87  551.70 -100.57    0.00    0.00    0.00  404.20
11:58:20.87  557.71 -100.16    0.00    0.00    0.00  404.20
11:58:26.87  563.71  -97.68    0.00    0.00    0.00  404.20
11:58:32.87  569.70  -98.92    0.00    0.00    0.00  404.20
11:58:38.86  575.70  -94.79    0.00    0.00    0.00  404.20
11:58:44.86  581.70  -99.75    0.00    0.00    0.00  404.20
11:58:50.88  587.72  -98.09    0.00    0.00    0.00  404.20
11:58:56.87  593.71 -101.40    0.00    0.00    0.00  404.20
11:59:02.87  599.71  -96.44    0.00    0.00    0.00  404.20
11:59:08.87  605.70  -96.44    0.00    0.00    0.00  404.20
11:59:14.87  611.71  -98.92    0.00    0.00    0.00  404.20
11:59:20.86  617.70  -96.03    0.00    0.00    0.00  404.20
11:59:26.87  623.70  -96.03    0.00    0.00    0.00  404.20
11:59:32.88  629.71  -99.75    0.00    0.00    0.00  404.20
11:59:38.87  635.71 -101.40    0.00    0.00    0.00  404.20
11:59:44.86  641.70  -99.33    0.00    0.00    0.00  404.20
11:59:50.87  647.70 -100.16    0.00    0.00    0.00  404.20
11:59:56.87  653.71 -100.57    0.00    0.00    0.00  404.20
12:00:02.87  659.71  -99.75    0.00    0.00    0.00  404.20
12:00:08.87  665.70 -102.64    0.00    0.00    0.00  404.20
12:00:14.87  671.71  -96.85    0.00    0.00    0.00  404.20
12:00:20.86  677.70  -98.51    0.00    0.00    0.00  404.20
12:00:26.87  683.71  -98.51    0.00    0.00    0.00  404.20
12:00:32.86  689.70 -100.16    0.00    0.00    0.00  404.20
12:00:38.87  695.71 -100.16    0.00    0.00    0.00  404.20
12:00:44.85  701.69 -102.64    0.00    0.00    0.00  404.20
12:00:50.87  707.70 -100.16    0.00    0.00    0.00  404.20
12:00:56.86  713.70 -100.99    0.00    0.00    0.00  404.20
12:01:02.86  719.70  -98.09    0.00    0.00    0.00  404.20
12:01:08.87  725.71  -99.75    0.00    0.00    0.00  404.20
12:01:14.87  731.70  -97.68    0.00    0.00    0.00  404.20
12:01:20.86  737.70  -99.75    0.00    0.00    0.00  404.20
12:01:26.88  743.72  -98.92    0.00    0.00    0.00  404.20
12:01:32.87  749.71  -98.51    0.00    0.00    0.00  404.20
12:01:38.88  755.72 -102.23    0.00    0.00    0.00  404.20
12:01:44.87  761.71  -99.33    0.00    0.00    0.00  404.20
12:01:50.88  767.72  -98.09    0.00    0.00    0.00  404.20
12:01:56.87  773.71  -96.85    0.00    0.00    0.00  404.20
12:02:02.88  779.72  -99.33    0.00    0.00    0.00  404.20
12:02:08.88  785.71 -101.81    0.00    0.00    0.00  404.20
12:02:14.87  791.71  -98.51    0.00    0.00    0.00  404.20
12:02:20.87  797.71  -98.51    0.00    0.00    0.00  404.20
12:02:26.88  803.72 -101.81    0.00    0.00    0.00  404.20
12:02:32.87  809.71  -98.51    0.00    0.00    0.00  404.20
12:02:38.87  815.71  -99.33    0.00    0.00    0.00  404.20
12:02:44.87  821.71 -100.57    0.00    0.00    0.00  404.20
12:02:50.88  827.72 -101.40    0.00    0.00    0.00  404.20
12:02:56.88  833.72  -98.92    0.00    0.00    0.00  404.20
12:03:02.86  839.70  -97.27    0.00    0.00    0.00  404.20
12:03:08.87  845.70  -97.27    0.00    0.00    0.00  404.20
12:03:14.86  851.70 -100.16    0.00    0.00    0.00  404.20
12:03:20.88  857.72 -101.81    0.00    0.00    0.00  404.20
12:03:26.87  863.70 -100.16    0.00    0.00    0.00  404.20
12:03:32.88  869.71  -98.51    0.00    0.00    0.00  404.20
12:03:38.87  875.70 -100.16    0.00    0.00    0.00  404.20
12:03:44.88  881.71 -102.23    0.00    0.00    0.00  404.20
12:03:50.87  887.70  -99.75    0.00    0.00    0.00  404.20
12:03:56.88  893.71  -98.92    0.00    0.00    0.00  404.20
12:04:02.88  899.71  -98.92    0.00    0.00    0.00  404.20
12:04:08.88  905.71 -100.99    0.00    0.00    0.00  404.20
12:04:14.87  911.70  -98.09    0.00    0.00    0.00  404.20
12:04:20.89  917.72  -98.51    0.00    0.00    0.00  404.20
12:04:26.88  923.71  -96.85    0.00    0.00    0.00  404.20
12:04:32.88  929.71  -96.85    0.00    0.00    0.00  404.20
12:04:38.88  935.71 -105.95    0.00    0.00    0.00  404.20
12:04:44.89  941.72 -105.53    0.00    0.00    0.00  404.20
Data Type/Data Channel:            AVAPS SOUNDING DATA, Channel 6
Project Name/Mission ID:           PERCUSION, 20240818
Aircraft Type/ID:                  HALO, D ADLR
Launch Time (y,m,d,h,m,s):         2024-08-18, 11:49:03
Sounding Name:                     cn06
Sonde ID/Type/Rev/Built/Sensors:   231221570, 3, A2, 20230628T201030Z, RSS421,NEO-M8Q-0-10
Sonde Freq/Batt/Firmware/Shutoff:   404.20 MHz,  5.8 v,     2.11,   32768 sec, 
Sonde Baseline Errors (p,t,h1,h2):    0.0 mb,    0.0 C,     0.0 %,    0.0 %
Sonde Dynamic Errors  (p,t,h):        0.0 mb,    0.0 C,     0.0 %
Pre-launch Obs Data System/Time:   IWGADTS Format (IWG1), 11:49:03
Pre-launch Obs (p,t,d,h):           188.4 mb,  -55.8 C,  -999.0 C, -999.0 %
Pre-launch Obs (wd,ws):              97.0 deg,  27.4 m/s
Pre-launch Obs (lon,lat,alt):       -28.331716 deg,  13.138727 deg, 13268.6 m, (028 19.9030'W, 13 08.3236'N)
Operator Name/Comments:            Theresa, none
Standard Comments:                 Good Drop
Software Version 4.1.0 - 2018-05-08; Adds:
Format Version NOAA 1.7 - 2010 Apr 17; Adds: 0.25 second winds
Met/Wind Offset: ptu data leads wind data by  0.00 sec
