    UTC     Elapsed    Sig     PLL    Freq     Dev    Rcvr
    Time      Time     Str    Volts  Center   Level   Freq
hh:mm:ss.ss   (sec)   (dbm)   (vdc)   (vdc)   (vdc)   (MHz)
-----------------------------------------------------------
10:49:48.97    0.00  -74.54    0.00    0.00    0.00  402.40
10:49:50.87    0.00 -109.25    0.00    0.00    0.00  402.40
10:49:56.87    0.00  -74.54    0.00    0.00    0.00  402.40
10:50:02.86    0.00  -91.07    0.00    0.00    0.00  402.40
10:50:08.87    0.00  -85.70    0.00    0.00    0.00  402.40
10:50:14.87    0.00  -86.94    0.00    0.00    0.00  402.40
10:50:20.86    0.00  -86.94    0.00    0.00    0.00  402.40
10:50:26.87    0.00  -86.94    0.00    0.00    0.00  402.40
10:50:32.87    0.00  -86.94    0.00    0.00    0.00  402.40
10:50:38.87    0.00  -86.52    0.00    0.00    0.00  402.40
10:50:44.87    0.00  -84.04    0.00    0.00    0.00  402.40
10:50:50.87    0.00  -84.87    0.00    0.00    0.00  402.40
10:50:56.87    0.00  -89.83    0.00    0.00    0.00  402.40
10:51:02.89    0.00  -90.24    0.00    0.00    0.00  402.40
10:51:08.87    0.00  -86.52    0.00    0.00    0.00  402.40
10:51:14.87    0.00  -86.94    0.00    0.00    0.00  402.40
10:51:20.87    0.00  -86.11    0.00    0.00    0.00  402.40
10:51:26.86    0.00  -86.11    0.00    0.00    0.00  402.40
10:51:32.88    0.00  -88.18    0.00    0.00    0.00  402.40
10:51:38.87    0.00  -87.35    0.00    0.00    0.00  402.40
10:51:44.87    0.00  -87.76    0.00    0.00    0.00  402.40
10:51:50.86    0.00  -86.52    0.00    0.00    0.00  402.40
10:51:56.87    0.00  -85.28    0.00    0.00    0.00  402.40
10:52:02.86    0.00  -84.87    0.00    0.00    0.00  402.40
10:52:08.87    0.00  -84.46    0.00    0.00    0.00  402.40
10:52:14.86    0.00  -86.11    0.00    0.00    0.00  402.40
10:52:20.87    0.00  -83.63    0.00    0.00    0.00  402.40
10:52:26.86    0.00  -83.22    0.00    0.00    0.00  402.40
10:52:32.87    0.00  -84.87    0.00    0.00    0.00  402.40
10:52:38.88    0.00  -84.87    0.00    0.00    0.00  402.40
10:52:44.86    0.00  -84.87    0.00    0.00    0.00  402.40
10:52:50.87    0.00  -84.87    0.00    0.00    0.00  402.40
10:52:56.87    0.00  -84.87    0.00    0.00    0.00  402.40
10:53:02.88    0.00  -85.70    0.00    0.00    0.00  402.40
10:53:08.87    0.00  -85.70    0.00    0.00    0.00  402.40
10:53:14.87    0.00  -85.28    0.00    0.00    0.00  402.40
10:53:20.88    0.00  -84.87    0.00    0.00    0.00  402.40
10:53:26.86    0.00  -85.28    0.00    0.00    0.00  402.40
10:53:32.87    0.00  -84.46    0.00    0.00    0.00  402.40
10:53:38.87    0.00  -85.28    0.00    0.00    0.00  402.40
10:53:44.88    0.00  -84.87    0.00    0.00    0.00  402.40
10:53:50.86    0.00  -84.46    0.00    0.00    0.00  402.40
10:53:56.87    0.00  -84.04    0.00    0.00    0.00  402.40
10:54:02.86    0.00  -85.70    0.00    0.00    0.00  402.40
10:54:08.87    0.00  -85.28    0.00    0.00    0.00  402.40
10:54:14.88    0.00  -88.18    0.00    0.00    0.00  402.40
10:54:20.87    0.00  -85.28    0.00    0.00    0.00  402.40
10:54:26.87    0.00  -85.70    0.00    0.00    0.00  402.40
10:54:32.88    0.00  -86.52    0.00    0.00    0.00  402.40
10:54:38.87    0.00  -86.11    0.00    0.00    0.00  402.40
10:54:44.88    0.00  -86.52    0.00    0.00    0.00  402.40
10:54:50.87    0.00  -85.70    0.00    0.00    0.00  402.40
10:54:56.88    0.00  -86.52    0.00    0.00    0.00  402.40
10:55:02.87    0.00  -86.52    0.00    0.00    0.00  402.40
10:55:08.87    0.00  -86.11    0.00    0.00    0.00  402.40
10:55:14.87    0.00  -86.52    0.00    0.00    0.00  402.40
10:55:20.88    0.00  -86.52    0.00    0.00    0.00  402.40
10:55:26.86    0.00  -86.11    0.00    0.00    0.00  402.40
10:55:32.87    0.00  -86.52    0.00    0.00    0.00  402.40
10:55:38.86    0.00  -86.11    0.00    0.00    0.00  402.40
10:55:44.87    0.00  -86.11    0.00    0.00    0.00  402.40
10:55:50.87    0.00  -86.11    0.00    0.00    0.00  402.40
10:55:56.87    0.00  -86.52    0.00    0.00    0.00  402.40
10:56:02.87    0.00  -86.52    0.00    0.00    0.00  402.40
10:56:08.88    0.00  -85.70    0.00    0.00    0.00  402.40
10:56:14.88    0.00  -86.11    0.00    0.00    0.00  402.40
10:56:20.86    0.00  -86.11    0.00    0.00    0.00  402.40
10:56:26.88    0.00  -86.52    0.00    0.00    0.00  402.40
10:56:32.85    0.00  -86.52    0.00    0.00    0.00  402.40
10:56:38.87    0.00  -85.70    0.00    0.00    0.00  402.40
10:56:44.86    0.00  -86.94    0.00    0.00    0.00  402.40
10:56:50.87    0.00  -86.94    0.00    0.00    0.00  402.40
10:56:56.88    0.00  -86.94    0.00    0.00    0.00  402.40
10:57:02.87    0.00  -86.94    0.00    0.00    0.00  402.40
10:57:08.88    0.00  -86.52    0.00    0.00    0.00  402.40
10:57:14.87    0.00  -86.52    0.00    0.00    0.00  402.40
10:57:20.87    0.00  -86.11    0.00    0.00    0.00  402.40
10:57:26.89    0.00  -85.70    0.00    0.00    0.00  402.40
10:57:32.86    0.00  -86.52    0.00    0.00    0.00  402.40
10:57:38.88    0.00  -86.52    0.00    0.00    0.00  402.40
10:57:44.86    0.00  -85.70    0.00    0.00    0.00  402.40
10:57:50.87    0.00  -85.28    0.00    0.00    0.00  402.40
10:57:56.86    0.00  -85.28    0.00    0.00    0.00  402.40
10:58:02.87    0.00  -86.11    0.00    0.00    0.00  402.40
10:58:08.86    0.00  -85.70    0.00    0.00    0.00  402.40
10:58:14.87    0.00  -85.28    0.00    0.00    0.00  402.40
10:58:20.86    0.00  -85.28    0.00    0.00    0.00  402.40
10:58:26.88    0.00  -85.28    0.00    0.00    0.00  402.40
10:58:32.86    0.00  -86.11    0.00    0.00    0.00  402.40
10:58:38.88    0.00  -86.11    0.00    0.00    0.00  402.40
10:58:44.88    0.00  -85.70    0.00    0.00    0.00  402.40
10:58:50.88    0.00  -85.70    0.00    0.00    0.00  402.40
10:58:56.86    0.00  -85.70    0.00    0.00    0.00  402.40
10:59:02.88    0.00  -86.11    0.00    0.00    0.00  402.40
10:59:08.87    0.00  -86.11    0.00    0.00    0.00  402.40
10:59:14.88    0.00  -85.70    0.00    0.00    0.00  402.40
10:59:20.86    0.00  -86.11    0.00    0.00    0.00  402.40
10:59:26.88    0.00  -86.11    0.00    0.00    0.00  402.40
10:59:32.87    0.00  -85.70    0.00    0.00    0.00  402.40
10:59:38.88    0.00  -86.11    0.00    0.00    0.00  402.40
10:59:44.86    0.00  -85.70    0.00    0.00    0.00  402.40
10:59:50.88    0.00  -85.28    0.00    0.00    0.00  402.40
10:59:56.87    0.00  -86.52    0.00    0.00    0.00  402.40
11:00:02.87    0.00  -86.94    0.00    0.00    0.00  402.40
11:00:08.87    0.00  -86.52    0.00    0.00    0.00  402.40
11:00:14.87    0.00  -86.52    0.00    0.00    0.00  402.40
11:00:20.87    0.00  -86.52    0.00    0.00    0.00  402.40
11:00:26.87    0.00  -86.52    0.00    0.00    0.00  402.40
11:00:32.88    0.00  -86.52    0.00    0.00    0.00  402.40
11:00:38.87    0.00  -86.94    0.00    0.00    0.00  402.40
11:00:44.86    0.00  -86.52    0.00    0.00    0.00  402.40
11:00:50.86    0.00  -86.11    0.00    0.00    0.00  402.40
11:00:56.87    0.00  -86.94    0.00    0.00    0.00  402.40
11:01:02.85    0.00  -86.11    0.00    0.00    0.00  402.40
11:01:08.88    0.00  -85.70    0.00    0.00    0.00  402.40
11:01:14.86    0.00  -86.11    0.00    0.00    0.00  402.40
11:01:20.86    0.00  -86.52    0.00    0.00    0.00  402.40
11:01:26.87    0.00  -85.70    0.00    0.00    0.00  402.40
11:01:32.89    0.00  -86.11    0.00    0.00    0.00  402.40
11:01:38.86    0.00  -85.70    0.00    0.00    0.00  402.40
11:01:44.87    0.00  -86.52    0.00    0.00    0.00  402.40
11:01:50.87    0.00  -85.70    0.00    0.00    0.00  402.40
11:01:56.87    0.00  -86.52    0.00    0.00    0.00  402.40
11:02:02.87    0.00  -86.94    0.00    0.00    0.00  402.40
11:02:08.87    0.00  -86.52    0.00    0.00    0.00  402.40
11:02:14.86    0.00  -86.52    0.00    0.00    0.00  402.40
11:02:20.87    0.00  -86.52    0.00    0.00    0.00  402.40
11:02:26.87    0.00  -86.52    0.00    0.00    0.00  402.40
11:02:32.87    0.00  -86.52    0.00    0.00    0.00  402.40
11:02:38.86    0.00  -86.94    0.00    0.00    0.00  402.40
11:02:44.87    0.00  -86.94    0.00    0.00    0.00  402.40
11:02:50.86    0.00  -85.70    0.00    0.00    0.00  402.40
11:02:56.87    0.00  -85.70    0.00    0.00    0.00  402.40
11:03:02.86    0.00  -86.11    0.00    0.00    0.00  402.40
11:03:08.88    0.00  -86.94    0.00    0.00    0.00  402.40
11:03:14.87    0.00  -86.94    0.00    0.00    0.00  402.40
11:03:20.88    0.00  -86.94    0.00    0.00    0.00  402.40
11:03:26.86    0.00  -86.94    0.00    0.00    0.00  402.40
11:03:32.88    0.00  -86.94    0.00    0.00    0.00  402.40
11:03:38.87    0.00  -86.52    0.00    0.00    0.00  402.40
11:03:44.89    0.00  -86.11    0.00    0.00    0.00  402.40
11:03:50.87    0.00  -86.94    0.00    0.00    0.00  402.40
11:03:56.87    0.00  -86.11    0.00    0.00    0.00  402.40
11:04:02.87    0.00  -86.94    0.00    0.00    0.00  402.40
11:04:08.87    0.00  -86.52    0.00    0.00    0.00  402.40
11:04:14.86    0.00  -86.94    0.00    0.00    0.00  402.40
11:04:20.87    0.00  -85.28    0.00    0.00    0.00  402.40
11:04:26.87    0.00  -86.11    0.00    0.00    0.00  402.40
11:04:32.85    0.00  -86.52    0.00    0.00    0.00  402.40
11:04:38.87    0.00  -86.11    0.00    0.00    0.00  402.40
11:04:44.87    0.00  -85.28    0.00    0.00    0.00  402.40
11:04:50.88    0.00  -85.28    0.00    0.00    0.00  402.40
11:04:56.89    0.00  -85.28    0.00    0.00    0.00  402.40
11:05:02.87    0.00  -86.94    0.00    0.00    0.00  402.40
11:05:08.87    0.00  -86.52    0.00    0.00    0.00  402.40
11:05:14.87    0.00  -86.94    0.00    0.00    0.00  402.40
11:05:20.86    0.00  -85.28    0.00    0.00    0.00  402.40
11:05:26.87    0.00  -81.57    0.00    0.00    0.00  402.40
11:05:32.86    0.00  -89.00    0.00    0.00    0.00  402.40
11:05:38.88    0.00  -87.76    0.00    0.00    0.00  402.40
11:05:44.86    0.00  -86.52    0.00    0.00    0.00  402.40
11:05:50.88    0.00  -88.18    0.00    0.00    0.00  402.40
11:05:56.87    0.00  -88.18    0.00    0.00    0.00  402.40
11:06:02.88    0.00  -87.35    0.00    0.00    0.00  402.40
11:06:08.87    0.00  -87.76    0.00    0.00    0.00  402.40
11:06:14.87    0.00  -89.00    0.00    0.00    0.00  402.40
11:06:20.87    0.00  -88.59    0.00    0.00    0.00  402.40
11:06:26.86    0.00  -88.59    0.00    0.00    0.00  402.40
11:06:32.86    0.00  -87.35    0.00    0.00    0.00  402.40
11:06:38.87    0.00  -87.35    0.00    0.00    0.00  402.40
11:06:44.87    0.00  -87.76    0.00    0.00    0.00  402.40
11:06:50.87    0.00  -87.35    0.00    0.00    0.00  402.40
11:06:56.87    0.00  -87.35    0.00    0.00    0.00  402.40
11:07:02.86    0.00  -87.35    0.00    0.00    0.00  402.40
11:07:08.86    0.00  -87.35    0.00    0.00    0.00  402.40
11:07:14.88    0.00  -87.35    0.00    0.00    0.00  402.40
11:07:20.86    0.00  -88.18    0.00    0.00    0.00  402.40
11:07:26.88    0.00  -86.11    0.00    0.00    0.00  402.40
11:07:32.87    0.00  -85.70    0.00    0.00    0.00  402.40
11:07:38.87    0.00  -85.28    0.00    0.00    0.00  402.40
11:07:44.87    0.00  -84.04    0.00    0.00    0.00  402.40
11:07:50.87    0.00  -85.28    0.00    0.00    0.00  402.40
11:07:56.86    0.00  -84.87    0.00    0.00    0.00  402.40
11:08:02.87    0.00  -84.87    0.00    0.00    0.00  402.40
11:08:08.87    0.00  -85.28    0.00    0.00    0.00  402.40
11:08:14.88    0.00  -84.87    0.00    0.00    0.00  402.40
11:08:20.87    0.00  -85.28    0.00    0.00    0.00  402.40
11:08:26.87    0.00  -85.28    0.00    0.00    0.00  402.40
11:08:32.88    0.00  -85.70    0.00    0.00    0.00  402.40
11:08:38.87    0.00  -85.70    0.00    0.00    0.00  402.40
11:08:44.88    0.00  -85.70    0.00    0.00    0.00  402.40
11:08:50.86    0.00  -85.70    0.00    0.00    0.00  402.40
11:08:56.88    0.00  -85.70    0.00    0.00    0.00  402.40
11:09:02.88    0.00  -85.70    0.00    0.00    0.00  402.40
11:09:08.87    0.00  -85.28    0.00    0.00    0.00  402.40
11:09:14.85    0.00  -85.28    0.00    0.00    0.00  402.40
11:09:20.87    0.00  -84.87    0.00    0.00    0.00  402.40
11:09:26.87    0.00  -85.28    0.00    0.00    0.00  402.40
11:09:32.87    0.00  -85.70    0.00    0.00    0.00  402.40
11:09:38.87    0.00  -85.70    0.00    0.00    0.00  402.40
11:09:44.87    0.00  -86.11    0.00    0.00    0.00  402.40
11:09:50.87    0.00  -85.28    0.00    0.00    0.00  402.40
11:09:56.87    0.00  -85.70    0.00    0.00    0.00  402.40
11:10:02.86    0.00  -85.70    0.00    0.00    0.00  402.40
11:10:08.89    0.00  -85.70    0.00    0.00    0.00  402.40
11:10:14.86    0.00  -86.11    0.00    0.00    0.00  402.40
11:10:20.88    0.00  -85.70    0.00    0.00    0.00  402.40
11:10:26.86    0.00  -85.70    0.00    0.00    0.00  402.40
11:10:32.86    0.00  -85.28    0.00    0.00    0.00  402.40
11:10:38.85    0.00  -84.87    0.00    0.00    0.00  402.40
11:10:44.87    0.00  -85.70    0.00    0.00    0.00  402.40
11:10:50.86    0.00  -85.28    0.00    0.00    0.00  402.40
11:10:56.87    0.00  -84.87    0.00    0.00    0.00  402.40
11:11:02.86    0.00  -85.70    0.00    0.00    0.00  402.40
11:11:08.87    0.00  -85.70    0.00    0.00    0.00  402.40
11:11:14.87    0.00  -84.87    0.00    0.00    0.00  402.40
11:11:20.86    0.00  -85.28    0.00    0.00    0.00  402.40
11:11:26.87    0.00  -85.28    0.00    0.00    0.00  402.40
11:11:32.88    0.00  -85.70    0.00    0.00    0.00  402.40
11:11:38.87    0.00  -85.70    0.00    0.00    0.00  402.40
11:11:44.88    0.00  -85.70    0.00    0.00    0.00  402.40
11:11:50.87    0.00  -86.11    0.00    0.00    0.00  402.40
11:11:56.87    0.00  -85.70    0.00    0.00    0.00  402.40
11:12:02.86    0.00  -85.70    0.00    0.00    0.00  402.40
11:12:08.87    0.00  -86.11    0.00    0.00    0.00  402.40
11:12:14.86    0.00  -85.70    0.00    0.00    0.00  402.40
11:12:20.88    0.00  -85.70    0.00    0.00    0.00  402.40
11:12:26.87    0.00  -85.70    0.00    0.00    0.00  402.40
11:12:32.88    0.00  -86.94    0.00    0.00    0.00  402.40
11:12:38.86    0.00  -86.94    0.00    0.00    0.00  402.40
11:12:44.87    0.00  -86.94    0.00    0.00    0.00  402.40
11:12:50.88    0.00  -85.70    0.00    0.00    0.00  402.40
11:12:56.87    0.00  -86.11    0.00    0.00    0.00  402.40
11:13:02.87    0.00  -85.70    0.00    0.00    0.00  402.40
11:13:08.89    0.00  -85.28    0.00    0.00    0.00  402.40
11:13:14.88    0.00  -86.11    0.00    0.00    0.00  402.40
11:13:20.86    0.00  -86.11    0.00    0.00    0.00  402.40
11:13:26.87    0.00  -86.11    0.00    0.00    0.00  402.40
11:13:32.87    0.00  -85.70    0.00    0.00    0.00  402.40
11:13:38.86    0.00  -85.70    0.00    0.00    0.00  402.40
11:13:44.86    0.00  -86.52    0.00    0.00    0.00  402.40
11:13:50.86    0.00  -86.11    0.00    0.00    0.00  402.40
11:13:56.87    0.00  -86.11    0.00    0.00    0.00  402.40
11:14:02.87    0.00  -85.70    0.00    0.00    0.00  402.40
11:14:08.86    0.00  -86.11    0.00    0.00    0.00  402.40
11:14:14.89    0.00  -86.11    0.00    0.00    0.00  402.40
11:14:20.87    0.00  -86.11    0.00    0.00    0.00  402.40
11:14:26.87    0.00  -85.70    0.00    0.00    0.00  402.40
11:14:32.86    0.00  -86.52    0.00    0.00    0.00  402.40
11:14:38.87    0.00  -86.11    0.00    0.00    0.00  402.40
11:14:44.86    0.00  -85.70    0.00    0.00    0.00  402.40
11:14:50.87    0.00  -86.11    0.00    0.00    0.00  402.40
11:14:56.86    0.00  -86.11    0.00    0.00    0.00  402.40
11:15:02.88    0.00  -86.11    0.00    0.00    0.00  402.40
11:15:08.86    0.00  -86.11    0.00    0.00    0.00  402.40
11:15:14.86    0.00  -86.52    0.00    0.00    0.00  402.40
11:15:20.87    0.00  -86.52    0.00    0.00    0.00  402.40
11:15:26.87    0.00  -86.11    0.00    0.00    0.00  402.40
11:15:32.87    0.00  -86.11    0.00    0.00    0.00  402.40
11:15:38.87    0.00  -86.11    0.00    0.00    0.00  402.40
11:15:44.87    0.00  -86.52    0.00    0.00    0.00  402.40
11:15:50.87    0.00  -86.52    0.00    0.00    0.00  402.40
11:15:56.87    0.00  -86.52    0.00    0.00    0.00  402.40
11:16:02.87    0.00  -86.11    0.00    0.00    0.00  402.40
11:16:08.87    0.00  -86.94    0.00    0.00    0.00  402.40
11:16:14.88    0.00  -86.11    0.00    0.00    0.00  402.40
11:16:20.86    0.00  -85.70    0.00    0.00    0.00  402.40
11:16:26.88    0.00  -86.11    0.00    0.00    0.00  402.40
11:16:32.86    0.00  -86.52    0.00    0.00    0.00  402.40
11:16:38.87    0.00  -86.94    0.00    0.00    0.00  402.40
11:16:44.86    0.00  -86.94    0.00    0.00    0.00  402.40
11:16:50.87    0.00  -86.94    0.00    0.00    0.00  402.40
11:16:56.87    0.00  -86.52    0.00    0.00    0.00  402.40
11:17:02.88    0.00  -86.52    0.00    0.00    0.00  402.40
11:17:08.87    0.00  -86.94    0.00    0.00    0.00  402.40
11:17:14.87    0.00  -86.94    0.00    0.00    0.00  402.40
11:17:20.87    0.00  -86.94    0.00    0.00    0.00  402.40
11:17:26.88    0.00  -87.35    0.00    0.00    0.00  402.40
11:17:32.88    0.00  -86.94    0.00    0.00    0.00  402.40
11:17:38.88    0.00  -86.94    0.00    0.00    0.00  402.40
11:17:44.87    0.00  -86.94    0.00    0.00    0.00  402.40
11:17:50.89    0.00  -87.35    0.00    0.00    0.00  402.40
11:17:56.86    0.00  -87.35    0.00    0.00    0.00  402.40
11:18:02.86    0.00  -86.94    0.00    0.00    0.00  402.40
11:18:08.87    0.00  -87.35    0.00    0.00    0.00  402.40
11:18:14.86    0.00  -86.52    0.00    0.00    0.00  402.40
11:18:20.86    0.00  -86.94    0.00    0.00    0.00  402.40
11:18:26.87    0.00  -86.94    0.00    0.00    0.00  402.40
11:18:32.89    0.00  -87.35    0.00    0.00    0.00  402.40
11:18:38.86    0.00  -87.35    0.00    0.00    0.00  402.40
11:18:44.87    0.00  -87.76    0.00    0.00    0.00  402.40
11:18:50.86    0.00  -87.35    0.00    0.00    0.00  402.40
11:18:56.87    0.00  -87.76    0.00    0.00    0.00  402.40
11:19:02.87    0.00  -87.76    0.00    0.00    0.00  402.40
11:19:08.87    0.00  -87.76    0.00    0.00    0.00  402.40
11:19:14.87    0.00  -87.35    0.00    0.00    0.00  402.40
11:19:20.87    0.00  -88.18    0.00    0.00    0.00  402.40
11:19:26.87    0.00  -87.76    0.00    0.00    0.00  402.40
11:19:32.87    0.00  -87.35    0.00    0.00    0.00  402.40
11:19:38.87    0.00  -87.76    0.00    0.00    0.00  402.40
11:19:44.87    0.00  -87.76    0.00    0.00    0.00  402.40
11:19:50.87    0.00  -88.18    0.00    0.00    0.00  402.40
11:19:56.87    0.00  -88.59    0.00    0.00    0.00  402.40
11:20:02.87    0.00  -87.35    0.00    0.00    0.00  402.40
11:20:08.89    0.00  -87.35    0.00    0.00    0.00  402.40
11:20:14.87    0.00  -86.94    0.00    0.00    0.00  402.40
11:20:20.87    0.00  -86.52    0.00    0.00    0.00  402.40
11:20:26.86    0.00  -89.00    0.00    0.00    0.00  402.40
11:20:32.87    0.00  -88.59    0.00    0.00    0.00  402.40
11:20:38.87    0.00  -89.00    0.00    0.00    0.00  402.40
11:20:44.88    0.00  -89.00    0.00    0.00    0.00  402.40
11:20:50.86    0.00  -89.42    0.00    0.00    0.00  402.40
11:20:56.87    0.00  -89.83    0.00    0.00    0.00  402.40
11:21:02.86    0.00  -89.42    0.00    0.00    0.00  402.40
11:21:08.88    0.00  -89.42    0.00    0.00    0.00  402.40
11:21:14.86    0.00  -89.83    0.00    0.00    0.00  402.40
11:21:20.87    0.00  -89.83    0.00    0.00    0.00  402.40
11:21:26.86    0.00  -88.18    0.00    0.00    0.00  402.40
11:21:32.87    0.00  -88.59    0.00    0.00    0.00  402.40
11:21:38.87    0.00  -88.18    0.00    0.00    0.00  402.40
11:21:44.88    0.00  -88.18    0.00    0.00    0.00  402.40
11:21:50.88    0.00  -88.59    0.00    0.00    0.00  402.40
11:21:56.88    0.00  -89.00    0.00    0.00    0.00  402.40
11:22:02.88    0.00  -89.00    0.00    0.00    0.00  402.40
11:22:08.87    0.00  -88.59    0.00    0.00    0.00  402.40
11:22:14.86    0.00  -88.18    0.00    0.00    0.00  402.40
11:22:20.85    0.00  -90.24    0.00    0.00    0.00  402.40
11:22:26.87    0.00  -90.66    0.00    0.00    0.00  402.40
11:22:32.88    0.00  -88.59    0.00    0.00    0.00  402.40
11:22:38.86    0.00  -88.18    0.00    0.00    0.00  402.40
11:22:44.87    0.00  -88.59    0.00    0.00    0.00  402.40
11:22:50.88    0.00  -89.83    0.00    0.00    0.00  402.40
11:22:56.87    0.00  -89.00    0.00    0.00    0.00  402.40
11:23:02.88    0.00  -88.59    0.00    0.00    0.00  402.40
11:23:08.86    0.00  -90.66    0.00    0.00    0.00  402.40
11:23:14.87    0.00  -74.95    0.00    0.00    0.00  402.40
11:23:20.87    0.00  -77.85    0.00    0.00    0.00  402.40
11:23:26.88    0.00  -77.43    0.00    0.00    0.00  402.40
11:23:32.86    0.00  -77.02    0.00    0.00    0.00  402.40
11:23:38.88    0.00  -87.76    0.00    0.00    0.00  402.40
11:23:44.86    0.00  -93.14    0.00    0.00    0.00  402.40
11:23:50.87    0.00  -90.24    0.00    0.00    0.00  402.40
11:23:56.86    0.00  -88.59    0.00    0.00    0.00  402.40
11:24:02.88    0.00  -83.63    0.00    0.00    0.00  402.40
11:24:08.87    0.00  -83.22    0.00    0.00    0.00  402.40
11:24:14.87    0.00  -84.04    0.00    0.00    0.00  402.40
11:24:20.87    0.00  -84.04    0.00    0.00    0.00  402.40
11:24:26.88    0.00  -86.94    0.00    0.00    0.00  402.40
11:24:32.87    0.00  -82.81    0.00    0.00    0.00  402.40
11:24:38.87    0.00  -82.81    0.00    0.00    0.00  402.40
11:24:44.87    0.00  -78.67    0.00    0.00    0.00  402.40
11:24:50.87    0.00  -78.26    0.00    0.00    0.00  402.40
11:24:56.87    0.00  -84.04    0.00    0.00    0.00  402.40
11:25:02.87    0.00  -87.35    0.00    0.00    0.00  402.40
11:25:08.87    0.00 -108.01    0.00    0.00    0.00  402.40
11:25:14.88    0.00 -108.43    0.00    0.00    0.00  402.40
11:25:20.86    0.00 -108.43    0.00    0.00    0.00  402.40
11:25:26.87    0.00 -108.01    0.00    0.00    0.00  402.40
11:25:32.87    0.00 -107.60    0.00    0.00    0.00  402.40
11:25:38.88    0.00 -108.01    0.00    0.00    0.00  402.40
11:25:44.87    0.00 -108.01    0.00    0.00    0.00  402.40
11:25:50.87    0.00 -108.43    0.00    0.00    0.00  402.40
11:25:56.87    0.00 -108.01    0.00    0.00    0.00  402.40
11:26:02.89    0.00 -108.43    0.00    0.00    0.00  402.40
11:26:08.87    0.00 -108.01    0.00    0.00    0.00  402.40
11:26:14.88    0.00 -108.43    0.00    0.00    0.00  402.40
11:26:20.87    0.00 -108.43    0.00    0.00    0.00  402.40
11:26:26.88    0.00 -108.43    0.00    0.00    0.00  402.40
11:26:32.87    0.00 -108.43    0.00    0.00    0.00  402.40
11:26:38.88    0.00 -108.01    0.00    0.00    0.00  402.40
11:26:44.87    0.00 -108.43    0.00    0.00    0.00  402.40
11:26:50.88    0.00 -108.43    0.00    0.00    0.00  402.40
11:26:56.86    0.00 -108.43    0.00    0.00    0.00  402.40
11:27:02.86    0.00 -108.43    0.00    0.00    0.00  402.40
11:27:08.87    0.00 -108.01    0.00    0.00    0.00  402.40
11:27:14.88    0.00 -108.43    0.00    0.00    0.00  402.40
11:27:20.87    0.00 -108.43    0.00    0.00    0.00  402.40
11:27:26.87    0.00 -108.43    0.00    0.00    0.00  402.40
11:27:32.87    0.00 -108.43    0.00    0.00    0.00  402.40
11:27:38.87    0.00 -108.43    0.00    0.00    0.00  402.40
11:27:44.87    0.00 -108.01    0.00    0.00    0.00  402.40
11:27:50.86    0.00 -108.43    0.00    0.00    0.00  402.40
11:27:56.87    0.00 -108.01    0.00    0.00    0.00  402.40
11:28:02.87    0.00 -108.43    0.00    0.00    0.00  402.40
11:28:08.87    0.00 -107.60    0.00    0.00    0.00  402.40
11:28:14.87    0.00 -108.43    0.00    0.00    0.00  402.40
11:28:20.87    0.00 -108.84    0.00    0.00    0.00  402.40
11:28:26.87    0.00 -108.43    0.00    0.00    0.00  402.40
11:28:32.88    0.00 -108.84    0.00    0.00    0.00  402.40
11:28:38.87    0.00 -108.43    0.00    0.00    0.00  402.40
11:28:44.88    0.00 -108.84    0.00    0.00    0.00  402.40
11:28:50.87    0.00 -108.84    0.00    0.00    0.00  402.40
11:28:56.88    0.00 -108.43    0.00    0.00    0.00  402.40
11:29:02.86    0.00 -108.43    0.00    0.00    0.00  402.40
11:29:08.88    0.00 -108.84    0.00    0.00    0.00  402.40
11:29:14.87    0.00 -109.25    0.00    0.00    0.00  402.40
11:29:20.89    0.00 -108.84    0.00    0.00    0.00  402.40
11:29:26.86    0.00 -108.84    0.00    0.00    0.00  402.40
11:29:32.88    0.00 -108.43    0.00    0.00    0.00  402.40
11:29:38.87    0.00 -108.84    0.00    0.00    0.00  402.40
11:29:44.87    0.00 -108.84    0.00    0.00    0.00  402.40
11:29:50.87    0.00 -108.84    0.00    0.00    0.00  402.40
11:29:56.89    0.00 -109.25    0.00    0.00    0.00  402.40
11:30:02.88    0.00 -109.25    0.00    0.00    0.00  402.40
11:30:08.88    0.00 -108.43    0.00    0.00    0.00  402.40
11:30:14.88    0.00 -108.43    0.00    0.00    0.00  402.40
11:30:20.88    0.00 -108.84    0.00    0.00    0.00  402.40
11:30:26.87    0.00 -109.25    0.00    0.00    0.00  402.40
11:30:32.87    0.00 -109.25    0.00    0.00    0.00  402.40
11:30:38.87    0.00 -108.84    0.00    0.00    0.00  402.40
11:30:44.89    0.00 -108.43    0.00    0.00    0.00  402.40
11:30:50.87    0.00 -109.25    0.00    0.00    0.00  402.40
11:30:56.88    0.00  -90.66    0.00    0.00    0.00  402.40
11:31:02.87    8.12  -68.76    0.00    0.00    0.00  402.40
11:31:08.87   14.13  -70.82    0.00    0.00    0.00  402.40
11:31:14.87   20.12  -72.06    0.00    0.00    0.00  402.40
11:31:20.86   26.12  -76.19    0.00    0.00    0.00  402.40
11:31:26.88   32.14  -77.02    0.00    0.00    0.00  402.40
11:31:32.88   38.14  -79.09    0.00    0.00    0.00  402.40
11:31:38.88   44.14  -81.98    0.00    0.00    0.00  402.40
11:31:44.87   50.12  -81.98    0.00    0.00    0.00  402.40
11:31:50.88   56.13  -83.22    0.00    0.00    0.00  402.40
11:31:56.86   62.11  -81.98    0.00    0.00    0.00  402.40
11:32:02.87   68.13  -86.11    0.00    0.00    0.00  402.40
11:32:08.87   74.12  -84.04    0.00    0.00    0.00  402.40
11:32:14.88   80.13  -86.11    0.00    0.00    0.00  402.40
11:32:20.88   86.13  -85.28    0.00    0.00    0.00  402.40
11:32:26.87   92.13  -87.35    0.00    0.00    0.00  402.40
11:32:32.89   98.14  -85.28    0.00    0.00    0.00  402.40
11:32:38.87  104.12  -86.52    0.00    0.00    0.00  402.40
11:32:44.87  110.12  -88.59    0.00    0.00    0.00  402.40
11:32:50.87  116.13  -89.00    0.00    0.00    0.00  402.40
11:32:56.87  122.13  -87.35    0.00    0.00    0.00  402.40
11:33:02.88  128.14  -88.59    0.00    0.00    0.00  402.40
11:33:08.87  134.13  -87.76    0.00    0.00    0.00  402.40
11:33:14.88  140.14  -90.24    0.00    0.00    0.00  402.40
11:33:20.87  146.13  -89.00    0.00    0.00    0.00  402.40
11:33:26.88  152.14  -87.35    0.00    0.00    0.00  402.40
11:33:32.87  158.12  -89.42    0.00    0.00    0.00  402.40
11:33:38.88  164.14  -89.42    0.00    0.00    0.00  402.40
11:33:44.87  170.12  -89.00    0.00    0.00    0.00  402.40
11:33:50.87  176.13  -88.18    0.00    0.00    0.00  402.40
11:33:56.87  182.12  -89.83    0.00    0.00    0.00  402.40
11:34:02.88  188.13  -89.00    0.00    0.00    0.00  402.40
11:34:08.87  194.13  -87.35    0.00    0.00    0.00  402.40
11:34:14.87  200.13  -89.42    0.00    0.00    0.00  402.40
11:34:20.87  206.12  -90.24    0.00    0.00    0.00  402.40
11:34:26.88  212.13  -89.42    0.00    0.00    0.00  402.40
11:34:32.87  218.12  -91.07    0.00    0.00    0.00  402.40
11:34:38.89  224.14  -89.83    0.00    0.00    0.00  402.40
11:34:44.88  230.13  -91.48    0.00    0.00    0.00  402.40
11:34:50.89  236.14  -88.59    0.00    0.00    0.00  402.40
11:34:56.88  242.13  -91.07    0.00    0.00    0.00  402.40
11:35:02.89  248.14  -91.90    0.00    0.00    0.00  402.40
11:35:08.88  254.13  -89.83    0.00    0.00    0.00  402.40
11:35:14.89  260.14  -91.90    0.00    0.00    0.00  402.40
11:35:20.87  266.12  -92.31    0.00    0.00    0.00  402.40
11:35:26.88  272.13  -91.90    0.00    0.00    0.00  402.40
11:35:32.88  278.13  -90.24    0.00    0.00    0.00  402.40
11:35:38.87  284.12  -91.90    0.00    0.00    0.00  402.40
11:35:44.89  290.14  -93.55    0.00    0.00    0.00  402.40
11:35:50.87  296.12  -93.96    0.00    0.00    0.00  402.40
11:35:56.89  302.14  -90.66    0.00    0.00    0.00  402.40
11:36:02.89  308.14  -91.90    0.00    0.00    0.00  402.40
11:36:08.87  314.12  -90.66    0.00    0.00    0.00  402.40
11:36:14.87  320.12  -93.14    0.00    0.00    0.00  402.40
11:36:20.87  326.13  -90.66    0.00    0.00    0.00  402.40
11:36:26.87  332.12  -94.38    0.00    0.00    0.00  402.40
11:36:32.88  338.13  -95.62    0.00    0.00    0.00  402.40
11:36:38.87  344.12  -91.90    0.00    0.00    0.00  402.40
11:36:44.87  350.13  -98.09    0.00    0.00    0.00  402.40
11:36:50.88  356.14  -95.62    0.00    0.00    0.00  402.40
11:36:56.88  362.14  -94.38    0.00    0.00    0.00  402.40
11:37:02.88  368.13  -94.38    0.00    0.00    0.00  402.40
11:37:08.88  374.13  -94.79    0.00    0.00    0.00  402.40
11:37:14.87  380.13  -92.72    0.00    0.00    0.00  402.40
11:37:20.87  386.13  -94.79    0.00    0.00    0.00  402.40
11:37:26.87  392.12  -94.79    0.00    0.00    0.00  402.40
11:37:32.88  398.14  -96.03    0.00    0.00    0.00  402.40
11:37:38.87  404.13  -93.14    0.00    0.00    0.00  402.40
11:37:44.88  410.14  -96.03    0.00    0.00    0.00  402.40
11:37:50.87  416.13  -95.62    0.00    0.00    0.00  402.40
11:37:56.87  422.12  -98.51    0.00    0.00    0.00  402.40
11:38:02.88  428.13  -94.79    0.00    0.00    0.00  402.40
11:38:08.87  434.12  -94.38    0.00    0.00    0.00  402.40
11:38:14.87  440.12  -93.96    0.00    0.00    0.00  402.40
11:38:20.88  446.13  -94.79    0.00    0.00    0.00  402.40
11:38:26.87  452.13  -94.38    0.00    0.00    0.00  402.40
11:38:32.88  458.13  -94.79    0.00    0.00    0.00  402.40
11:38:38.87  464.12  -95.20    0.00    0.00    0.00  402.40
11:38:44.89  470.14 -101.40    0.00    0.00    0.00  402.40
11:38:50.88  476.13  -96.85    0.00    0.00    0.00  402.40
11:38:56.88  482.13  -94.79    0.00    0.00    0.00  402.40
11:39:02.88  488.13  -97.27    0.00    0.00    0.00  402.40
11:39:08.88  494.13  -97.27    0.00    0.00    0.00  402.40
11:39:14.87  500.12  -96.44    0.00    0.00    0.00  402.40
11:39:20.89  506.14  -93.96    0.00    0.00    0.00  402.40
11:39:26.88  512.13  -97.68    0.00    0.00    0.00  402.40
11:39:32.88  518.13  -96.44    0.00    0.00    0.00  402.40
11:39:38.86  524.11  -95.62    0.00    0.00    0.00  402.40
11:39:44.88  530.14  -95.62    0.00    0.00    0.00  402.40
11:39:50.88  536.13  -98.09    0.00    0.00    0.00  402.40
11:39:56.87  542.12  -98.09    0.00    0.00    0.00  402.40
11:40:02.88  548.13  -97.27    0.00    0.00    0.00  402.40
11:40:08.87  554.12  -98.92    0.00    0.00    0.00  402.40
11:40:14.87  560.12 -100.16    0.00    0.00    0.00  402.40
11:40:20.87  566.12  -96.03    0.00    0.00    0.00  402.40
11:40:26.88  572.13  -98.51    0.00    0.00    0.00  402.40
11:40:32.86  578.11  -98.92    0.00    0.00    0.00  402.40
11:40:38.88  584.13  -99.75    0.00    0.00    0.00  402.40
11:40:44.87  590.12 -100.16    0.00    0.00    0.00  402.40
11:40:50.88  596.13  -97.27    0.00    0.00    0.00  402.40
11:40:56.87  602.12  -98.09    0.00    0.00    0.00  402.40
11:41:02.88  608.13  -97.68    0.00    0.00    0.00  402.40
11:41:08.87  614.12  -97.68    0.00    0.00    0.00  402.40
11:41:14.87  620.12  -99.75    0.00    0.00    0.00  402.40
11:41:20.87  626.13 -100.16    0.00    0.00    0.00  402.40
11:41:26.87  632.13  -95.20    0.00    0.00    0.00  402.40
11:41:32.87  638.13  -99.33    0.00    0.00    0.00  402.40
11:41:38.86  644.12  -99.33    0.00    0.00    0.00  402.40
11:41:44.87  650.13  -94.79    0.00    0.00    0.00  402.40
11:41:50.88  656.14  -96.44    0.00    0.00    0.00  402.40
11:41:56.86  662.12  -99.75    0.00    0.00    0.00  402.40
11:42:02.88  668.14  -99.75    0.00    0.00    0.00  402.40
11:42:08.87  674.13  -96.44    0.00    0.00    0.00  402.40
11:42:14.87  680.13 -101.81    0.00    0.00    0.00  402.40
11:42:20.88  686.13  -99.33    0.00    0.00    0.00  402.40
11:42:26.86  692.12  -99.33    0.00    0.00    0.00  402.40
11:42:32.86  698.12  -96.44    0.00    0.00    0.00  402.40
11:42:38.86  704.12  -96.44    0.00    0.00    0.00  402.40
11:42:44.87  710.13 -102.23    0.00    0.00    0.00  402.40
11:42:50.88  716.13 -102.64    0.00    0.00    0.00  402.40
11:42:56.86  722.12  -99.75    0.00    0.00    0.00  402.40
11:43:02.88  728.14 -100.57    0.00    0.00    0.00  402.40
11:43:08.87  734.12 -100.99    0.00    0.00    0.00  402.40
11:43:14.87  740.13 -100.57    0.00    0.00    0.00  402.40
11:43:20.86  746.12 -101.81    0.00    0.00    0.00  402.40
11:43:26.88  752.14 -101.81    0.00    0.00    0.00  402.40
11:43:32.87  758.13  -99.75    0.00    0.00    0.00  402.40
11:43:38.88  764.14 -101.81    0.00    0.00    0.00  402.40
11:43:44.87  770.12  -99.75    0.00    0.00    0.00  402.40
11:43:50.87  776.13 -101.81    0.00    0.00    0.00  402.40
11:43:56.85  782.11 -102.64    0.00    0.00    0.00  402.40
11:44:02.88  788.14 -100.99    0.00    0.00    0.00  402.40
11:44:08.87  794.13 -100.57    0.00    0.00    0.00  402.40
11:44:14.87  800.12 -102.23    0.00    0.00    0.00  402.40
11:44:20.87  806.13 -101.40    0.00    0.00    0.00  402.40
11:44:26.88  812.14 -103.47    0.00    0.00    0.00  402.40
11:44:32.87  818.12 -100.16    0.00    0.00    0.00  402.40
11:44:38.87  824.12 -101.81    0.00    0.00    0.00  402.40
11:44:44.87  830.13 -101.40    0.00    0.00    0.00  402.40
11:44:50.88  836.13 -100.99    0.00    0.00    0.00  402.40
11:44:56.88  842.13 -102.23    0.00    0.00    0.00  402.40
11:45:02.87  848.13 -103.47    0.00    0.00    0.00  402.40
11:45:08.86  854.12 -103.47    0.00    0.00    0.00  402.40
11:45:14.86  860.12 -103.47    0.00    0.00    0.00  402.40
11:45:20.87  866.13 -100.99    0.00    0.00    0.00  402.40
11:45:26.87  872.13 -104.29    0.00    0.00    0.00  402.40
11:45:32.87  878.13 -100.99    0.00    0.00    0.00  402.40
11:45:38.88  884.13 -104.29    0.00    0.00    0.00  402.40
11:45:44.87  890.12 -101.40    0.00    0.00    0.00  402.40
11:45:50.86  896.12 -100.99    0.00    0.00    0.00  402.40
11:45:56.88  902.14 -100.99    0.00    0.00    0.00  402.40
11:46:02.88  908.13 -102.64    0.00    0.00    0.00  402.40
11:46:08.87  914.13 -104.29    0.00    0.00    0.00  402.40
11:46:14.86  920.11 -103.05    0.00    0.00    0.00  402.40
11:46:20.87  926.13 -101.40    0.00    0.00    0.00  402.40
11:46:26.86  932.11 -102.23    0.00    0.00    0.00  402.40
11:46:32.88  938.14 -101.81    0.00    0.00    0.00  402.40
11:46:38.86  944.11 -108.84    0.00    0.00    0.00  402.40
11:46:44.88  950.13 -108.43    0.00    0.00    0.00  402.40
11:46:50.87  956.12 -108.84    0.00    0.00    0.00  402.40
11:46:56.87  962.13 -108.43    0.00    0.00    0.00  402.40
11:47:02.87  968.13 -108.84    0.00    0.00    0.00  402.40
11:47:08.87  974.12 -108.84    0.00    0.00    0.00  402.40
11:47:14.87  980.13 -108.84    0.00    0.00    0.00  402.40
Data Type/Data Channel:            AVAPS SOUNDING DATA, Channel 2
Project Name/Mission ID:           PERCUSION, 20240818
Aircraft Type/ID:                  HALO, D ADLR
Launch Time (y,m,d,h,m,s):         2024-08-18, 11:30:55
Sounding Name:                     cn02
Sonde ID/Type/Rev/Built/Sensors:   231050749, 3, A2, 20230731T172304Z, RSS421,NEO-M8Q-0-10
Sonde Freq/Batt/Firmware/Shutoff:   402.40 MHz,  5.9 v,     2.11,   32768 sec, 
Sonde Baseline Errors (p,t,h1,h2):    0.0 mb,    0.0 C,     0.0 %,    0.0 %
Sonde Dynamic Errors  (p,t,h):        0.0 mb,    0.0 C,     0.0 %
Pre-launch Obs Data System/Time:   IWGADTS Format (IWG1), 11:30:54
Pre-launch Obs (p,t,d,h):           188.4 mb,  -56.6 C,  -999.0 C, -999.0 %
Pre-launch Obs (wd,ws):             103.0 deg,  29.1 m/s
Pre-launch Obs (lon,lat,alt):       -27.836941 deg,  11.167558 deg, 13250.7 m, (027 50.2165'W, 11 10.0535'N)
Operator Name/Comments:            Theresa, none
Standard Comments:                 Good Drop
Software Version 4.1.0 - 2018-05-08; Adds:
Format Version NOAA 1.7 - 2010 Apr 17; Adds: 0.25 second winds
Met/Wind Offset: ptu data leads wind data by  0.00 sec
