    UTC     Elapsed    Sig     PLL    Freq     Dev    Rcvr
    Time      Time     Str    Volts  Center   Level   Freq
hh:mm:ss.ss   (sec)   (dbm)   (vdc)   (vdc)   (vdc)   (MHz)
-----------------------------------------------------------
10:47:33.97    0.00  -68.34    0.00    0.00    0.00  402.00
10:47:38.87    0.00  -68.34    0.00    0.00    0.00  402.00
10:47:44.86    0.00  -72.06    0.00    0.00    0.00  402.00
10:47:50.87    0.00  -74.54    0.00    0.00    0.00  402.00
10:47:56.85    0.00  -72.06    0.00    0.00    0.00  402.00
10:48:02.87    0.00  -69.58    0.00    0.00    0.00  402.00
10:48:08.85    0.00  -70.82    0.00    0.00    0.00  402.00
10:48:14.87    0.00  -71.24    0.00    0.00    0.00  402.00
10:48:20.86    0.00  -71.24    0.00    0.00    0.00  402.00
10:48:26.87    0.00  -70.00    0.00    0.00    0.00  402.00
10:48:32.87    0.00  -72.89    0.00    0.00    0.00  402.00
10:48:38.87    0.00  -70.00    0.00    0.00    0.00  402.00
10:48:44.87    0.00  -75.37    0.00    0.00    0.00  402.00
10:48:50.88    0.00  -81.57    0.00    0.00    0.00  402.00
10:48:56.86    0.00  -71.65    0.00    0.00    0.00  402.00
10:49:02.87    0.00 -110.08    0.00    0.00    0.00  402.00
10:49:08.86    0.00 -110.08    0.00    0.00    0.00  402.00
10:49:14.87    0.00 -110.08    0.00    0.00    0.00  402.00
10:49:20.86    0.00 -110.08    0.00    0.00    0.00  402.00
10:49:26.87    0.00 -110.90    0.00    0.00    0.00  402.00
10:49:32.86    0.00 -110.08    0.00    0.00    0.00  402.00
10:49:38.87    0.00 -110.08    0.00    0.00    0.00  402.00
10:49:44.86    0.00 -110.49    0.00    0.00    0.00  402.00
10:49:50.86    0.00 -110.49    0.00    0.00    0.00  402.00
10:49:56.87    0.00 -110.08    0.00    0.00    0.00  402.00
10:50:02.86    0.00 -110.08    0.00    0.00    0.00  402.00
10:50:08.87    0.00 -109.66    0.00    0.00    0.00  402.00
10:50:14.87    0.00 -109.66    0.00    0.00    0.00  402.00
10:50:20.86    0.00 -109.66    0.00    0.00    0.00  402.00
10:50:26.87    0.00 -109.25    0.00    0.00    0.00  402.00
10:50:32.87    0.00 -110.08    0.00    0.00    0.00  402.00
10:50:38.87    0.00 -109.25    0.00    0.00    0.00  402.00
10:50:44.87    0.00 -110.49    0.00    0.00    0.00  402.00
10:50:50.87    0.00 -109.25    0.00    0.00    0.00  402.00
10:50:56.87    0.00 -109.25    0.00    0.00    0.00  402.00
10:51:02.89    0.00 -109.25    0.00    0.00    0.00  402.00
10:51:08.87    0.00 -109.66    0.00    0.00    0.00  402.00
10:51:14.87    0.00 -109.25    0.00    0.00    0.00  402.00
10:51:20.87    0.00 -109.25    0.00    0.00    0.00  402.00
10:51:26.86    0.00 -109.25    0.00    0.00    0.00  402.00
10:51:32.88    0.00 -110.08    0.00    0.00    0.00  402.00
10:51:38.86    0.00 -110.08    0.00    0.00    0.00  402.00
10:51:44.87    0.00 -110.08    0.00    0.00    0.00  402.00
10:51:50.86    0.00 -109.25    0.00    0.00    0.00  402.00
10:51:56.87    0.00 -108.84    0.00    0.00    0.00  402.00
10:52:02.86    0.00 -108.84    0.00    0.00    0.00  402.00
10:52:08.87    0.00 -108.84    0.00    0.00    0.00  402.00
10:52:14.86    0.00 -109.25    0.00    0.00    0.00  402.00
10:52:20.86    0.00 -109.25    0.00    0.00    0.00  402.00
10:52:26.86    0.00 -108.43    0.00    0.00    0.00  402.00
10:52:32.87    0.00 -109.25    0.00    0.00    0.00  402.00
10:52:38.87    0.00 -109.25    0.00    0.00    0.00  402.00
10:52:44.86    0.00 -110.08    0.00    0.00    0.00  402.00
10:52:50.87    0.00 -109.25    0.00    0.00    0.00  402.00
10:52:56.87    0.00 -109.25    0.00    0.00    0.00  402.00
10:53:02.87    0.00 -109.25    0.00    0.00    0.00  402.00
10:53:08.87    0.00 -109.66    0.00    0.00    0.00  402.00
10:53:14.86    0.00 -109.25    0.00    0.00    0.00  402.00
10:53:20.88    0.00 -109.66    0.00    0.00    0.00  402.00
10:53:26.86    0.00 -109.25    0.00    0.00    0.00  402.00
10:53:32.87    0.00 -109.25    0.00    0.00    0.00  402.00
10:53:38.87    0.00 -110.08    0.00    0.00    0.00  402.00
10:53:44.88    0.00 -109.25    0.00    0.00    0.00  402.00
10:53:50.86    0.00 -109.25    0.00    0.00    0.00  402.00
10:53:56.87    0.00 -109.25    0.00    0.00    0.00  402.00
10:54:02.86    0.00 -109.25    0.00    0.00    0.00  402.00
10:54:08.87    0.00 -109.25    0.00    0.00    0.00  402.00
10:54:14.88    0.00 -108.84    0.00    0.00    0.00  402.00
10:54:20.87    0.00 -109.25    0.00    0.00    0.00  402.00
10:54:26.86    0.00 -109.25    0.00    0.00    0.00  402.00
10:54:32.88    0.00 -109.25    0.00    0.00    0.00  402.00
10:54:38.86    0.00 -109.25    0.00    0.00    0.00  402.00
10:54:44.88    0.00 -109.25    0.00    0.00    0.00  402.00
10:54:50.87    0.00 -109.25    0.00    0.00    0.00  402.00
10:54:56.88    0.00 -109.66    0.00    0.00    0.00  402.00
10:55:02.87    0.00 -109.66    0.00    0.00    0.00  402.00
10:55:08.87    0.00 -109.25    0.00    0.00    0.00  402.00
10:55:14.87    0.00 -109.66    0.00    0.00    0.00  402.00
10:55:20.88    0.00 -109.25    0.00    0.00    0.00  402.00
10:55:26.86    0.00 -109.66    0.00    0.00    0.00  402.00
10:55:32.87    0.00 -109.66    0.00    0.00    0.00  402.00
10:55:38.86    0.00 -109.66    0.00    0.00    0.00  402.00
10:55:44.86    0.00 -109.66    0.00    0.00    0.00  402.00
10:55:50.86    0.00 -109.66    0.00    0.00    0.00  402.00
10:55:56.86    0.00 -109.66    0.00    0.00    0.00  402.00
10:56:02.87    0.00 -109.66    0.00    0.00    0.00  402.00
10:56:08.88    0.00 -109.66    0.00    0.00    0.00  402.00
10:56:14.87    0.00 -109.25    0.00    0.00    0.00  402.00
10:56:20.86    0.00 -110.08    0.00    0.00    0.00  402.00
10:56:26.87    0.00 -109.25    0.00    0.00    0.00  402.00
10:56:32.85    0.00 -109.66    0.00    0.00    0.00  402.00
10:56:38.87    0.00 -109.66    0.00    0.00    0.00  402.00
10:56:44.86    0.00 -109.25    0.00    0.00    0.00  402.00
10:56:50.86    0.00 -109.66    0.00    0.00    0.00  402.00
10:56:56.87    0.00 -109.25    0.00    0.00    0.00  402.00
10:57:02.87    0.00 -109.25    0.00    0.00    0.00  402.00
10:57:08.87    0.00 -109.25    0.00    0.00    0.00  402.00
10:57:14.86    0.00 -110.08    0.00    0.00    0.00  402.00
10:57:20.86    0.00 -109.66    0.00    0.00    0.00  402.00
10:57:26.88    0.00 -109.66    0.00    0.00    0.00  402.00
10:57:32.86    0.00 -110.08    0.00    0.00    0.00  402.00
10:57:38.88    0.00 -109.25    0.00    0.00    0.00  402.00
10:57:44.86    0.00 -109.66    0.00    0.00    0.00  402.00
10:57:50.87    0.00 -109.66    0.00    0.00    0.00  402.00
10:57:56.86    0.00 -109.66    0.00    0.00    0.00  402.00
10:58:02.87    0.00 -109.66    0.00    0.00    0.00  402.00
10:58:08.86    0.00 -109.66    0.00    0.00    0.00  402.00
10:58:14.87    0.00 -109.66    0.00    0.00    0.00  402.00
10:58:20.86    0.00 -109.66    0.00    0.00    0.00  402.00
10:58:26.87    0.00 -109.66    0.00    0.00    0.00  402.00
10:58:32.86    0.00 -109.66    0.00    0.00    0.00  402.00
10:58:38.87    0.00 -110.08    0.00    0.00    0.00  402.00
10:58:44.87    0.00 -109.25    0.00    0.00    0.00  402.00
10:58:50.87    0.00 -109.25    0.00    0.00    0.00  402.00
10:58:56.86    0.00 -109.25    0.00    0.00    0.00  402.00
10:59:02.88    0.00 -109.66    0.00    0.00    0.00  402.00
10:59:08.86    0.00 -109.25    0.00    0.00    0.00  402.00
10:59:14.87    0.00 -109.25    0.00    0.00    0.00  402.00
10:59:20.86    0.00 -109.66    0.00    0.00    0.00  402.00
10:59:26.87    0.00 -109.66    0.00    0.00    0.00  402.00
10:59:32.86    0.00 -109.25    0.00    0.00    0.00  402.00
10:59:38.87    0.00 -109.66    0.00    0.00    0.00  402.00
10:59:44.86    0.00 -109.66    0.00    0.00    0.00  402.00
10:59:50.88    0.00 -109.66    0.00    0.00    0.00  402.00
10:59:56.86    0.00 -109.25    0.00    0.00    0.00  402.00
11:00:02.87    0.00 -109.66    0.00    0.00    0.00  402.00
11:00:08.87    0.00 -109.25    0.00    0.00    0.00  402.00
11:00:14.86    0.00 -109.25    0.00    0.00    0.00  402.00
11:00:20.87    0.00 -109.25    0.00    0.00    0.00  402.00
11:00:26.87    0.00 -108.84    0.00    0.00    0.00  402.00
11:00:32.87    0.00 -109.25    0.00    0.00    0.00  402.00
11:00:38.86    0.00 -109.25    0.00    0.00    0.00  402.00
11:00:44.86    0.00 -108.84    0.00    0.00    0.00  402.00
11:00:50.86    0.00 -108.84    0.00    0.00    0.00  402.00
11:00:56.86    0.00 -109.25    0.00    0.00    0.00  402.00
11:01:02.85    0.00 -109.25    0.00    0.00    0.00  402.00
11:01:08.87    0.00 -109.66    0.00    0.00    0.00  402.00
11:01:14.86    0.00 -109.25    0.00    0.00    0.00  402.00
11:01:20.86    0.00 -110.08    0.00    0.00    0.00  402.00
11:01:26.86    0.00 -110.08    0.00    0.00    0.00  402.00
11:01:32.88    0.00 -110.08    0.00    0.00    0.00  402.00
11:01:38.86    0.00 -109.66    0.00    0.00    0.00  402.00
11:01:44.87    0.00 -109.25    0.00    0.00    0.00  402.00
11:01:50.86    0.00 -109.66    0.00    0.00    0.00  402.00
11:01:56.87    0.00 -109.66    0.00    0.00    0.00  402.00
11:02:02.86    0.00 -109.66    0.00    0.00    0.00  402.00
11:02:08.87    0.00 -109.66    0.00    0.00    0.00  402.00
11:02:14.86    0.00 -109.66    0.00    0.00    0.00  402.00
11:02:20.87    0.00 -109.66    0.00    0.00    0.00  402.00
11:02:26.86    0.00 -109.66    0.00    0.00    0.00  402.00
11:02:32.87    0.00 -109.66    0.00    0.00    0.00  402.00
11:02:38.86    0.00 -109.66    0.00    0.00    0.00  402.00
11:02:44.87    0.00 -109.25    0.00    0.00    0.00  402.00
11:02:50.86    0.00 -109.25    0.00    0.00    0.00  402.00
11:02:56.87    0.00 -109.66    0.00    0.00    0.00  402.00
11:03:02.86    0.00 -109.25    0.00    0.00    0.00  402.00
11:03:08.88    0.00 -109.25    0.00    0.00    0.00  402.00
11:03:14.86    0.00 -108.43    0.00    0.00    0.00  402.00
11:03:20.87    0.00 -108.43    0.00    0.00    0.00  402.00
11:03:26.86    0.00 -108.84    0.00    0.00    0.00  402.00
11:03:32.87    0.00 -109.25    0.00    0.00    0.00  402.00
11:03:38.87    0.00 -108.84    0.00    0.00    0.00  402.00
11:03:44.88    0.00 -108.84    0.00    0.00    0.00  402.00
11:03:50.86    0.00 -108.43    0.00    0.00    0.00  402.00
11:03:56.87    0.00 -108.43    0.00    0.00    0.00  402.00
11:04:02.86    0.00 -108.84    0.00    0.00    0.00  402.00
11:04:08.87    0.00 -108.43    0.00    0.00    0.00  402.00
11:04:14.86    0.00 -108.84    0.00    0.00    0.00  402.00
11:04:20.87    0.00 -108.84    0.00    0.00    0.00  402.00
11:04:26.87    0.00 -108.43    0.00    0.00    0.00  402.00
11:04:32.85    0.00 -108.84    0.00    0.00    0.00  402.00
11:04:38.87    0.00 -108.84    0.00    0.00    0.00  402.00
11:04:44.86    0.00 -108.84    0.00    0.00    0.00  402.00
11:04:50.88    0.00 -108.84    0.00    0.00    0.00  402.00
11:04:56.88    0.00 -108.84    0.00    0.00    0.00  402.00
11:05:02.87    0.00 -109.25    0.00    0.00    0.00  402.00
11:05:08.86    0.00 -108.84    0.00    0.00    0.00  402.00
11:05:14.87    0.00 -109.66    0.00    0.00    0.00  402.00
11:05:20.86    0.00 -109.66    0.00    0.00    0.00  402.00
11:05:26.87    0.00 -109.66    0.00    0.00    0.00  402.00
11:05:32.86    0.00 -110.08    0.00    0.00    0.00  402.00
11:05:38.87    0.00 -109.25    0.00    0.00    0.00  402.00
11:05:44.86    0.00 -109.66    0.00    0.00    0.00  402.00
11:05:50.88    0.00 -109.66    0.00    0.00    0.00  402.00
11:05:56.87    0.00 -109.25    0.00    0.00    0.00  402.00
11:06:02.88    0.00 -109.25    0.00    0.00    0.00  402.00
11:06:08.86    0.00 -110.08    0.00    0.00    0.00  402.00
11:06:14.87    0.00 -109.66    0.00    0.00    0.00  402.00
11:06:20.86    0.00 -109.66    0.00    0.00    0.00  402.00
11:06:26.86    0.00 -110.08    0.00    0.00    0.00  402.00
11:06:32.86    0.00 -110.08    0.00    0.00    0.00  402.00
11:06:38.87    0.00 -109.25    0.00    0.00    0.00  402.00
11:06:44.86    0.00 -110.08    0.00    0.00    0.00  402.00
11:06:50.87    0.00 -110.08    0.00    0.00    0.00  402.00
11:06:56.87    0.00 -109.66    0.00    0.00    0.00  402.00
11:07:02.86    0.00 -110.08    0.00    0.00    0.00  402.00
11:07:08.86    0.00 -109.66    0.00    0.00    0.00  402.00
11:07:14.87    0.00 -109.66    0.00    0.00    0.00  402.00
11:07:20.86    0.00 -109.66    0.00    0.00    0.00  402.00
11:07:26.88    0.00 -109.66    0.00    0.00    0.00  402.00
11:07:32.86    0.00 -109.66    0.00    0.00    0.00  402.00
11:07:38.87    0.00 -109.66    0.00    0.00    0.00  402.00
11:07:44.86    0.00 -109.66    0.00    0.00    0.00  402.00
11:07:50.87    0.00 -109.66    0.00    0.00    0.00  402.00
11:07:56.86    0.00 -109.66    0.00    0.00    0.00  402.00
11:08:02.87    0.00 -109.66    0.00    0.00    0.00  402.00
11:08:08.86    0.00 -110.08    0.00    0.00    0.00  402.00
11:08:14.88    0.00 -109.66    0.00    0.00    0.00  402.00
11:08:20.86    0.00 -109.25    0.00    0.00    0.00  402.00
11:08:26.87    0.00 -109.25    0.00    0.00    0.00  402.00
11:08:32.88    0.00 -109.25    0.00    0.00    0.00  402.00
11:08:38.87    0.00 -109.66    0.00    0.00    0.00  402.00
11:08:44.87    0.00 -109.25    0.00    0.00    0.00  402.00
11:08:50.86    0.00 -109.66    0.00    0.00    0.00  402.00
11:08:56.87    0.00 -108.84    0.00    0.00    0.00  402.00
11:09:02.88    0.00 -110.08    0.00    0.00    0.00  402.00
11:09:08.87    0.00 -109.66    0.00    0.00    0.00  402.00
11:09:14.85    0.00 -109.25    0.00    0.00    0.00  402.00
11:09:20.86    0.00 -109.25    0.00    0.00    0.00  402.00
11:09:26.86    0.00 -109.25    0.00    0.00    0.00  402.00
11:09:32.86    0.00 -109.66    0.00    0.00    0.00  402.00
11:09:38.87    0.00 -108.84    0.00    0.00    0.00  402.00
11:09:44.87    0.00 -109.25    0.00    0.00    0.00  402.00
11:09:50.86    0.00 -109.25    0.00    0.00    0.00  402.00
11:09:56.87    0.00 -109.25    0.00    0.00    0.00  402.00
11:10:02.86    0.00 -109.25    0.00    0.00    0.00  402.00
11:10:08.88    0.00 -109.25    0.00    0.00    0.00  402.00
11:10:14.86    0.00 -108.84    0.00    0.00    0.00  402.00
11:10:20.88    0.00 -109.25    0.00    0.00    0.00  402.00
11:10:26.86    0.00 -108.84    0.00    0.00    0.00  402.00
11:10:32.86    0.00 -109.25    0.00    0.00    0.00  402.00
11:10:38.85    0.00 -109.66    0.00    0.00    0.00  402.00
11:10:44.87    0.00 -108.84    0.00    0.00    0.00  402.00
11:10:50.86    0.00 -109.66    0.00    0.00    0.00  402.00
11:10:56.87    0.00 -109.25    0.00    0.00    0.00  402.00
11:11:02.86    0.00 -109.25    0.00    0.00    0.00  402.00
11:11:08.88    0.00 -109.25    0.00    0.00    0.00  402.00
11:11:14.87    0.00 -109.25    0.00    0.00    0.00  402.00
11:11:20.87    0.00 -109.25    0.00    0.00    0.00  402.00
11:11:26.88    0.00 -109.25    0.00    0.00    0.00  402.00
11:11:32.89    0.00 -108.84    0.00    0.00    0.00  402.00
11:11:38.88    0.00 -109.25    0.00    0.00    0.00  402.00
11:11:44.88    0.00 -109.25    0.00    0.00    0.00  402.00
11:11:50.87    0.00 -108.43    0.00    0.00    0.00  402.00
11:11:56.87    0.00 -108.84    0.00    0.00    0.00  402.00
11:12:02.87    0.00 -109.25    0.00    0.00    0.00  402.00
11:12:08.87    0.00 -109.25    0.00    0.00    0.00  402.00
11:12:14.86    0.00 -109.25    0.00    0.00    0.00  402.00
11:12:20.87    0.00 -108.84    0.00    0.00    0.00  402.00
11:12:26.87    0.00 -109.25    0.00    0.00    0.00  402.00
11:12:32.87    0.00 -109.25    0.00    0.00    0.00  402.00
11:12:38.86    0.00 -109.25    0.00    0.00    0.00  402.00
11:12:44.87    0.00 -108.84    0.00    0.00    0.00  402.00
11:12:50.87    0.00 -108.84    0.00    0.00    0.00  402.00
11:12:56.87    0.00 -109.25    0.00    0.00    0.00  402.00
11:13:02.87    0.00 -108.84    0.00    0.00    0.00  402.00
11:13:08.88    0.00 -108.43    0.00    0.00    0.00  402.00
11:13:14.87    0.00 -108.84    0.00    0.00    0.00  402.00
11:13:20.86    0.00 -109.25    0.00    0.00    0.00  402.00
11:13:26.87    0.00 -108.84    0.00    0.00    0.00  402.00
11:13:32.87    0.00 -108.84    0.00    0.00    0.00  402.00
11:13:38.86    0.00 -109.25    0.00    0.00    0.00  402.00
11:13:44.86    0.00 -108.84    0.00    0.00    0.00  402.00
11:13:50.86    0.00 -108.84    0.00    0.00    0.00  402.00
11:13:56.87    0.00 -108.84    0.00    0.00    0.00  402.00
11:14:02.87    0.00 -108.84    0.00    0.00    0.00  402.00
11:14:08.86    0.00 -108.84    0.00    0.00    0.00  402.00
11:14:14.89    0.00 -108.43    0.00    0.00    0.00  402.00
11:14:20.87    0.00 -108.84    0.00    0.00    0.00  402.00
11:14:26.87    0.00 -108.43    0.00    0.00    0.00  402.00
11:14:32.86    0.00 -108.84    0.00    0.00    0.00  402.00
11:14:38.87    0.00 -108.84    0.00    0.00    0.00  402.00
11:14:44.86    0.00 -108.84    0.00    0.00    0.00  402.00
11:14:50.87    0.00 -108.84    0.00    0.00    0.00  402.00
11:14:56.86    0.00 -109.25    0.00    0.00    0.00  402.00
11:15:02.87    0.00 -109.25    0.00    0.00    0.00  402.00
11:15:08.86    0.00 -108.84    0.00    0.00    0.00  402.00
11:15:14.86    0.00 -108.43    0.00    0.00    0.00  402.00
11:15:20.87    0.00 -108.84    0.00    0.00    0.00  402.00
11:15:26.87    0.00 -108.43    0.00    0.00    0.00  402.00
11:15:32.87    0.00 -108.84    0.00    0.00    0.00  402.00
11:15:38.87    0.00 -108.84    0.00    0.00    0.00  402.00
11:15:44.87    0.00 -109.25    0.00    0.00    0.00  402.00
11:15:50.88    0.00 -108.84    0.00    0.00    0.00  402.00
11:15:56.87    0.00 -109.25    0.00    0.00    0.00  402.00
11:16:02.88    0.00 -108.84    0.00    0.00    0.00  402.00
11:16:08.87    0.00 -108.84    0.00    0.00    0.00  402.00
11:16:14.89    0.00 -109.25    0.00    0.00    0.00  402.00
11:16:20.86    0.00 -108.84    0.00    0.00    0.00  402.00
11:16:26.88    0.00 -109.25    0.00    0.00    0.00  402.00
11:16:32.86    0.00 -108.84    0.00    0.00    0.00  402.00
11:16:38.88    0.00 -108.43    0.00    0.00    0.00  402.00
11:16:44.86    0.00 -108.84    0.00    0.00    0.00  402.00
11:16:50.87    0.00 -108.84    0.00    0.00    0.00  402.00
11:16:56.86    0.00 -109.25    0.00    0.00    0.00  402.00
11:17:02.88    0.00 -109.25    0.00    0.00    0.00  402.00
11:17:08.87    0.00 -109.25    0.00    0.00    0.00  402.00
11:17:14.87    0.00 -108.84    0.00    0.00    0.00  402.00
11:17:20.87    0.00 -109.25    0.00    0.00    0.00  402.00
11:17:26.88    0.00 -108.84    0.00    0.00    0.00  402.00
11:17:32.87    0.00 -108.84    0.00    0.00    0.00  402.00
11:17:38.87    0.00 -109.25    0.00    0.00    0.00  402.00
11:17:44.87    0.00 -108.84    0.00    0.00    0.00  402.00
11:17:50.88    0.00 -108.84    0.00    0.00    0.00  402.00
11:17:56.86    0.00 -108.43    0.00    0.00    0.00  402.00
11:18:02.86    0.00 -109.25    0.00    0.00    0.00  402.00
11:18:08.87    0.00 -109.25    0.00    0.00    0.00  402.00
11:18:14.86    0.00 -109.25    0.00    0.00    0.00  402.00
11:18:20.86    0.00 -109.25    0.00    0.00    0.00  402.00
11:18:26.87    0.00 -109.25    0.00    0.00    0.00  402.00
11:18:32.88    0.00 -109.25    0.00    0.00    0.00  402.00
11:18:38.86    0.00 -108.84    0.00    0.00    0.00  402.00
11:18:44.87    0.00 -109.25    0.00    0.00    0.00  402.00
11:18:50.86    0.00 -108.84    0.00    0.00    0.00  402.00
11:18:56.88    0.00 -109.25    0.00    0.00    0.00  402.00
11:19:02.87    0.00 -108.84    0.00    0.00    0.00  402.00
11:19:08.87    0.00 -108.84    0.00    0.00    0.00  402.00
11:19:14.87    0.00 -108.43    0.00    0.00    0.00  402.00
11:19:20.87    0.00 -108.84    0.00    0.00    0.00  402.00
11:19:26.87    0.00 -108.84    0.00    0.00    0.00  402.00
11:19:32.87    0.00 -108.84    0.00    0.00    0.00  402.00
11:19:38.87    0.00 -109.25    0.00    0.00    0.00  402.00
11:19:44.87    0.00 -108.84    0.00    0.00    0.00  402.00
11:19:50.87    0.00 -109.25    0.00    0.00    0.00  402.00
11:19:56.87    0.00 -108.84    0.00    0.00    0.00  402.00
11:20:02.87    0.00 -109.25    0.00    0.00    0.00  402.00
11:20:08.89    0.00 -108.84    0.00    0.00    0.00  402.00
11:20:14.87    0.00 -109.66    0.00    0.00    0.00  402.00
11:20:20.87    0.00 -109.66    0.00    0.00    0.00  402.00
11:20:26.86    0.00 -109.66    0.00    0.00    0.00  402.00
11:20:32.87    0.00 -109.66    0.00    0.00    0.00  402.00
11:20:38.87    0.00 -109.25    0.00    0.00    0.00  402.00
11:20:44.89    0.00 -109.66    0.00    0.00    0.00  402.00
11:20:50.86    0.00 -109.25    0.00    0.00    0.00  402.00
11:20:56.87    0.00 -109.25    0.00    0.00    0.00  402.00
11:21:02.86    0.00 -109.66    0.00    0.00    0.00  402.00
11:21:08.88    0.00 -109.25    0.00    0.00    0.00  402.00
11:21:14.86    0.00 -110.08    0.00    0.00    0.00  402.00
11:21:20.87    0.00 -110.08    0.00    0.00    0.00  402.00
11:21:26.86    0.00 -109.25    0.00    0.00    0.00  402.00
11:21:32.87    0.00 -109.25    0.00    0.00    0.00  402.00
11:21:38.87    0.00 -109.25    0.00    0.00    0.00  402.00
11:21:44.89    0.00 -108.84    0.00    0.00    0.00  402.00
11:21:50.87    0.00 -109.25    0.00    0.00    0.00  402.00
11:21:56.87    0.00 -109.25    0.00    0.00    0.00  402.00
11:22:02.87    0.00 -108.84    0.00    0.00    0.00  402.00
11:22:08.87    0.00 -108.84    0.00    0.00    0.00  402.00
11:22:14.87    0.00 -109.25    0.00    0.00    0.00  402.00
11:22:20.86    0.00 -108.84    0.00    0.00    0.00  402.00
11:22:26.87    0.00 -108.84    0.00    0.00    0.00  402.00
11:22:32.88    0.00 -108.84    0.00    0.00    0.00  402.00
11:22:38.86    0.00 -108.84    0.00    0.00    0.00  402.00
11:22:44.87    0.00 -109.25    0.00    0.00    0.00  402.00
11:22:50.87    0.00 -108.84    0.00    0.00    0.00  402.00
11:22:56.86    0.00 -109.25    0.00    0.00    0.00  402.00
11:23:02.88    0.00 -108.84    0.00    0.00    0.00  402.00
11:23:08.86    0.00 -108.84    0.00    0.00    0.00  402.00
11:23:14.87    0.00 -109.66    0.00    0.00    0.00  402.00
11:23:20.87    0.00 -108.84    0.00    0.00    0.00  402.00
11:23:26.88    0.00 -109.25    0.00    0.00    0.00  402.00
11:23:32.86    0.00 -109.25    0.00    0.00    0.00  402.00
11:23:38.88    0.00 -109.66    0.00    0.00    0.00  402.00
11:23:44.86    0.00 -108.84    0.00    0.00    0.00  402.00
11:23:50.87    0.00 -109.25    0.00    0.00    0.00  402.00
11:23:56.86    0.00 -109.25    0.00    0.00    0.00  402.00
11:24:02.87    0.00 -108.84    0.00    0.00    0.00  402.00
11:24:08.87    0.00 -108.84    0.00    0.00    0.00  402.00
11:24:14.87    0.00 -108.84    0.00    0.00    0.00  402.00
11:24:20.87    0.00 -108.84    0.00    0.00    0.00  402.00
11:24:26.88    0.00 -108.84    0.00    0.00    0.00  402.00
11:24:32.87    0.00 -109.25    0.00    0.00    0.00  402.00
11:24:38.87    0.00 -108.84    0.00    0.00    0.00  402.00
11:24:44.87    0.00 -108.84    0.00    0.00    0.00  402.00
11:24:50.87    0.00 -108.84    0.00    0.00    0.00  402.00
11:24:56.86    6.90  -67.52    0.00    0.00    0.00  402.00
11:25:02.87   12.91  -68.76    0.00    0.00    0.00  402.00
11:25:08.87   18.90  -76.61    0.00    0.00    0.00  402.00
11:25:14.87   24.91  -75.78    0.00    0.00    0.00  402.00
11:25:20.86   30.90  -76.61    0.00    0.00    0.00  402.00
11:25:26.87   36.91  -78.26    0.00    0.00    0.00  402.00
11:25:32.87   42.90  -82.81    0.00    0.00    0.00  402.00
11:25:38.87   48.91  -80.74    0.00    0.00    0.00  402.00
11:25:44.87   54.91  -82.81    0.00    0.00    0.00  402.00
11:25:50.87   60.91  -82.81    0.00    0.00    0.00  402.00
11:25:56.87   66.90  -86.94    0.00    0.00    0.00  402.00
11:26:02.88   72.92  -86.11    0.00    0.00    0.00  402.00
11:26:08.88   78.92  -84.87    0.00    0.00    0.00  402.00
11:26:14.89   84.93  -87.35    0.00    0.00    0.00  402.00
11:26:20.87   90.91  -87.35    0.00    0.00    0.00  402.00
11:26:26.88   96.92  -88.59    0.00    0.00    0.00  402.00
11:26:32.87  102.90  -88.59    0.00    0.00    0.00  402.00
11:26:38.88  108.92  -89.00    0.00    0.00    0.00  402.00
11:26:44.87  114.90  -86.52    0.00    0.00    0.00  402.00
11:26:50.87  120.91  -89.42    0.00    0.00    0.00  402.00
11:26:56.86  126.90  -88.18    0.00    0.00    0.00  402.00
11:27:02.87  132.90  -86.94    0.00    0.00    0.00  402.00
11:27:08.87  138.91  -89.83    0.00    0.00    0.00  402.00
11:27:14.89  144.92  -89.83    0.00    0.00    0.00  402.00
11:27:20.87  150.91  -89.83    0.00    0.00    0.00  402.00
11:27:26.87  156.90  -90.66    0.00    0.00    0.00  402.00
11:27:32.88  162.91  -90.24    0.00    0.00    0.00  402.00
11:27:38.87  168.90  -88.18    0.00    0.00    0.00  402.00
11:27:44.87  174.91  -90.66    0.00    0.00    0.00  402.00
11:27:50.87  180.90  -91.07    0.00    0.00    0.00  402.00
11:27:56.87  186.91  -91.48    0.00    0.00    0.00  402.00
11:28:02.87  192.90  -92.31    0.00    0.00    0.00  402.00
11:28:08.87  198.91  -91.90    0.00    0.00    0.00  402.00
11:28:14.87  204.90  -89.83    0.00    0.00    0.00  402.00
11:28:20.87  210.91  -91.48    0.00    0.00    0.00  402.00
11:28:26.87  216.91  -90.24    0.00    0.00    0.00  402.00
11:28:32.88  222.92  -91.90    0.00    0.00    0.00  402.00
11:28:38.87  228.91  -90.66    0.00    0.00    0.00  402.00
11:28:44.88  234.92  -91.07    0.00    0.00    0.00  402.00
11:28:50.87  240.91  -94.79    0.00    0.00    0.00  402.00
11:28:56.88  246.92  -89.42    0.00    0.00    0.00  402.00
11:29:02.87  252.90  -91.07    0.00    0.00    0.00  402.00
11:29:08.88  258.92  -94.79    0.00    0.00    0.00  402.00
11:29:14.87  264.90  -93.55    0.00    0.00    0.00  402.00
11:29:20.89  270.92  -89.83    0.00    0.00    0.00  402.00
11:29:26.87  276.90  -93.55    0.00    0.00    0.00  402.00
11:29:32.88  282.92  -92.72    0.00    0.00    0.00  402.00
11:29:38.87  288.90  -91.48    0.00    0.00    0.00  402.00
11:29:44.87  294.91  -93.14    0.00    0.00    0.00  402.00
11:29:50.86  300.90  -91.48    0.00    0.00    0.00  402.00
11:29:56.88  306.92  -95.20    0.00    0.00    0.00  402.00
11:30:02.87  312.91  -94.38    0.00    0.00    0.00  402.00
11:30:08.87  318.91  -92.72    0.00    0.00    0.00  402.00
11:30:14.87  324.91  -93.55    0.00    0.00    0.00  402.00
11:30:20.88  330.92  -96.85    0.00    0.00    0.00  402.00
11:30:26.87  336.91  -96.03    0.00    0.00    0.00  402.00
11:30:32.87  342.91  -93.96    0.00    0.00    0.00  402.00
11:30:38.87  348.91  -91.90    0.00    0.00    0.00  402.00
11:30:44.88  354.92  -92.72    0.00    0.00    0.00  402.00
11:30:50.87  360.91  -94.38    0.00    0.00    0.00  402.00
11:30:56.88  366.92  -96.85    0.00    0.00    0.00  402.00
11:31:02.87  372.90  -93.14    0.00    0.00    0.00  402.00
11:31:08.87  378.91  -94.38    0.00    0.00    0.00  402.00
11:31:14.87  384.90  -92.31    0.00    0.00    0.00  402.00
11:31:20.86  390.90  -91.90    0.00    0.00    0.00  402.00
11:31:26.88  396.92  -95.20    0.00    0.00    0.00  402.00
11:31:32.88  402.92  -94.79    0.00    0.00    0.00  402.00
11:31:38.88  408.92  -95.20    0.00    0.00    0.00  402.00
11:31:44.87  414.90  -95.20    0.00    0.00    0.00  402.00
11:31:50.88  420.91  -96.85    0.00    0.00    0.00  402.00
11:31:56.86  426.89  -95.20    0.00    0.00    0.00  402.00
11:32:02.87  432.91  -94.79    0.00    0.00    0.00  402.00
11:32:08.87  438.90  -97.27    0.00    0.00    0.00  402.00
11:32:14.88  444.91  -96.03    0.00    0.00    0.00  402.00
11:32:20.88  450.91  -96.85    0.00    0.00    0.00  402.00
11:32:26.87  456.91  -93.55    0.00    0.00    0.00  402.00
11:32:32.89  462.92  -96.44    0.00    0.00    0.00  402.00
11:32:38.87  468.90 -100.99    0.00    0.00    0.00  402.00
11:32:44.87  474.90  -94.79    0.00    0.00    0.00  402.00
11:32:50.88  480.91  -96.85    0.00    0.00    0.00  402.00
11:32:56.87  486.91  -96.44    0.00    0.00    0.00  402.00
11:33:02.89  492.92 -100.99    0.00    0.00    0.00  402.00
11:33:08.88  498.91 -100.16    0.00    0.00    0.00  402.00
11:33:14.89  504.92  -97.27    0.00    0.00    0.00  402.00
11:33:20.88  510.91  -99.33    0.00    0.00    0.00  402.00
11:33:26.88  516.92  -98.09    0.00    0.00    0.00  402.00
11:33:32.87  522.90  -96.03    0.00    0.00    0.00  402.00
11:33:38.89  528.92  -97.68    0.00    0.00    0.00  402.00
11:33:44.87  534.90  -96.03    0.00    0.00    0.00  402.00
11:33:50.87  540.91  -96.85    0.00    0.00    0.00  402.00
11:33:56.87  546.90  -95.62    0.00    0.00    0.00  402.00
11:34:02.88  552.91  -98.92    0.00    0.00    0.00  402.00
11:34:08.88  558.91 -100.99    0.00    0.00    0.00  402.00
11:34:14.88  564.91  -96.44    0.00    0.00    0.00  402.00
11:34:20.87  570.90  -98.09    0.00    0.00    0.00  402.00
11:34:26.88  576.91  -97.27    0.00    0.00    0.00  402.00
11:34:32.87  582.90  -98.92    0.00    0.00    0.00  402.00
11:34:38.88  588.92  -97.27    0.00    0.00    0.00  402.00
11:34:44.87  594.91  -96.03    0.00    0.00    0.00  402.00
11:34:50.88  600.92  -96.85    0.00    0.00    0.00  402.00
11:34:56.88  606.91 -101.81    0.00    0.00    0.00  402.00
11:35:02.88  612.92  -99.33    0.00    0.00    0.00  402.00
11:35:08.88  618.91  -98.09    0.00    0.00    0.00  402.00
11:35:14.89  624.92  -99.75    0.00    0.00    0.00  402.00
11:35:20.87  630.90  -99.33    0.00    0.00    0.00  402.00
11:35:26.88  636.91 -102.23    0.00    0.00    0.00  402.00
11:35:32.87  642.91  -98.51    0.00    0.00    0.00  402.00
11:35:38.87  648.90  -96.44    0.00    0.00    0.00  402.00
11:35:44.89  654.92  -97.68    0.00    0.00    0.00  402.00
11:35:50.87  660.90  -98.09    0.00    0.00    0.00  402.00
11:35:56.88  666.92 -100.57    0.00    0.00    0.00  402.00
11:36:02.89  672.92  -96.85    0.00    0.00    0.00  402.00
11:36:08.87  678.90 -100.57    0.00    0.00    0.00  402.00
11:36:14.86  684.90  -96.85    0.00    0.00    0.00  402.00
11:36:20.87  690.91  -96.44    0.00    0.00    0.00  402.00
11:36:26.87  696.90 -101.81    0.00    0.00    0.00  402.00
11:36:32.88  702.91  -97.68    0.00    0.00    0.00  402.00
11:36:38.86  708.90  -97.68    0.00    0.00    0.00  402.00
11:36:44.88  714.91 -100.16    0.00    0.00    0.00  402.00
11:36:50.88  720.92  -98.09    0.00    0.00    0.00  402.00
11:36:56.88  726.92  -98.09    0.00    0.00    0.00  402.00
11:37:02.88  732.91  -98.09    0.00    0.00    0.00  402.00
11:37:08.88  738.91  -94.79    0.00    0.00    0.00  402.00
11:37:14.87  744.91 -102.64    0.00    0.00    0.00  402.00
11:37:20.87  750.91 -103.05    0.00    0.00    0.00  402.00
11:37:26.87  756.90  -99.75    0.00    0.00    0.00  402.00
11:37:32.89  762.92  -98.09    0.00    0.00    0.00  402.00
11:37:38.87  768.91  -99.33    0.00    0.00    0.00  402.00
11:37:44.88  774.92 -101.81    0.00    0.00    0.00  402.00
11:37:50.87  780.91 -100.16    0.00    0.00    0.00  402.00
11:37:56.87  786.90  -97.27    0.00    0.00    0.00  402.00
11:38:02.88  792.91  -99.75    0.00    0.00    0.00  402.00
11:38:08.87  798.90 -102.23    0.00    0.00    0.00  402.00
11:38:14.87  804.90  -98.92    0.00    0.00    0.00  402.00
11:38:20.88  810.91  -98.92    0.00    0.00    0.00  402.00
11:38:26.88  816.91  -98.51    0.00    0.00    0.00  402.00
11:38:32.87  822.91  -99.33    0.00    0.00    0.00  402.00
11:38:38.86  828.90 -100.99    0.00    0.00    0.00  402.00
11:38:44.88  834.92 -101.40    0.00    0.00    0.00  402.00
11:38:50.87  840.91 -101.40    0.00    0.00    0.00  402.00
11:38:56.87  846.91 -101.81    0.00    0.00    0.00  402.00
11:39:02.87  852.91  -98.92    0.00    0.00    0.00  402.00
11:39:08.88  858.91 -104.71    0.00    0.00    0.00  402.00
11:39:14.86  864.90 -103.47    0.00    0.00    0.00  402.00
11:39:20.89  870.92 -101.40    0.00    0.00    0.00  402.00
11:39:26.88  876.91 -102.23    0.00    0.00    0.00  402.00
11:39:32.88  882.91 -105.12    0.00    0.00    0.00  402.00
11:39:38.86  888.89 -100.57    0.00    0.00    0.00  402.00
11:39:44.89  894.92 -103.47    0.00    0.00    0.00  402.00
11:39:50.88  900.91 -109.25    0.00    0.00    0.00  402.00
11:39:56.87  906.90 -109.66    0.00    0.00    0.00  402.00
11:40:02.88  912.91 -109.25    0.00    0.00    0.00  402.00
11:40:08.87  918.90 -109.25    0.00    0.00    0.00  402.00
11:40:14.87  924.90 -109.66    0.00    0.00    0.00  402.00
11:40:20.87  930.90 -110.08    0.00    0.00    0.00  402.00
11:40:26.88  936.91 -109.66    0.00    0.00    0.00  402.00
11:40:32.86  942.89 -109.66    0.00    0.00    0.00  402.00
11:40:38.88  948.91 -109.66    0.00    0.00    0.00  402.00
11:40:44.87  954.90 -109.25    0.00    0.00    0.00  402.00
11:40:50.88  960.91 -109.66    0.00    0.00    0.00  402.00
11:40:56.87  966.90 -109.66    0.00    0.00    0.00  402.00
11:41:02.88  972.91 -109.66    0.00    0.00    0.00  402.00
11:41:08.87  978.90 -110.08    0.00    0.00    0.00  402.00
11:41:14.87  984.90 -109.66    0.00    0.00    0.00  402.00
11:41:20.88  990.91 -109.66    0.00    0.00    0.00  402.00
11:41:26.87  996.91 -110.08    0.00    0.00    0.00  402.00
11:41:32.87 1002.91 -109.66    0.00    0.00    0.00  402.00
11:41:38.87 1008.90 -109.66    0.00    0.00    0.00  402.00
11:41:44.88 1014.92 -109.66    0.00    0.00    0.00  402.00
11:41:50.88 1020.92 -109.66    0.00    0.00    0.00  402.00
11:41:56.87 1026.90 -109.66    0.00    0.00    0.00  402.00
11:42:02.88 1032.92 -109.66    0.00    0.00    0.00  402.00
11:42:08.87 1038.91 -110.08    0.00    0.00    0.00  402.00
11:42:14.87 1044.91 -110.08    0.00    0.00    0.00  402.00
11:42:20.88 1050.91 -110.08    0.00    0.00    0.00  402.00
11:42:26.87 1056.90 -109.66    0.00    0.00    0.00  402.00
11:42:32.86 1062.90 -109.66    0.00    0.00    0.00  402.00
11:42:38.86 1068.90 -110.08    0.00    0.00    0.00  402.00
11:42:44.87 1074.91 -109.66    0.00    0.00    0.00  402.00
11:42:50.88 1080.91 -109.25    0.00    0.00    0.00  402.00
11:42:56.86 1086.90 -109.66    0.00    0.00    0.00  402.00
Data Type/Data Channel:            AVAPS SOUNDING DATA, Channel 1
Project Name/Mission ID:           PERCUSION, 20240818
Aircraft Type/ID:                  HALO, D ADLR
Launch Time (y,m,d,h,m,s):         2024-08-18, 11:24:50
Sounding Name:                     cn01
Sonde ID/Type/Rev/Built/Sensors:   231431370, 3, A2, 20230628T144005Z, RSS421,NEO-M8Q-0-10
Sonde Freq/Batt/Firmware/Shutoff:   402.00 MHz,  5.9 v,     2.11,   32768 sec,
Sonde Baseline Errors (p,t,h1,h2):    0.0 mb,    0.0 C,     0.0 %,    0.0 %
Sonde Dynamic Errors  (p,t,h):        0.0 mb,    0.0 C,     0.0 %
Pre-launch Obs Data System/Time:   IWGADTS Format (IWG1), 11:24:50
Pre-launch Obs (p,t,d,h):           188.5 mb,  -57.3 C,  -999.0 C, -999.0 %
Pre-launch Obs (wd,ws):             101.0 deg,  30.1 m/s
Pre-launch Obs (lon,lat,alt):       -28.457374 deg,  10.827848 deg, 13241.6 m, (028 27.4424'W, 10 49.6709'N)
Operator Name/Comments:            Theresa, none
Standard Comments:                 Good Drop
Software Version 4.1.0 - 2018-05-08; Adds:
Format Version NOAA 1.7 - 2010 Apr 17; Adds: 0.25 second winds
Met/Wind Offset: ptu data leads wind data by  0.00 sec
